ID, x, y, ux, uy, damage
0,-34.5,-29.5,0,0,0
1,-34.5,-28.5,0,0,0
2,-34.5,-27.5,0,0,0
3,-34.5,-26.5,0,0,0
4,-34.5,-25.5,0,0,0
5,-34.5,-24.5,0,0,0
6,-34.5,-23.5,0,0,0
7,-34.5,-22.5,0,0,0
8,-34.5,-21.5,0,0,0
9,-34.5,-20.5,0,0,0
10,-34.5,-19.5,0,0,0
11,-34.5,-18.5,0,0,0
12,-34.5,-17.5,0,0,0
13,-34.5,-16.5,0,0,0
14,-34.5,-15.5,0,0,0
15,-34.5,-14.5,0,0,0
16,-34.5,-13.5,0,0,0
17,-34.5,-12.5,0,0,0
18,-34.5,-11.5,0,0,0
19,-34.5,-10.5,0,0,0
20,-34.5,-9.5,0,0,0
21,-34.5,-8.5,0,0,0
22,-34.5,-7.5,0,0,0
23,-34.5,-6.5,0,0,0
24,-34.5,-5.5,0,0,0
25,-34.5,-4.5,0,0,0
26,-34.5,-3.5,0,0,0
27,-34.5,-2.5,0,0,0
56,-33.5,-29.5,0,0,0
57,-33.5,-28.5,0,0,0
58,-33.5,-27.5,0,0,0
59,-33.5,-26.5,0,0,0
60,-33.5,-25.5,0,0,0
61,-33.5,-24.5,0,0,0
62,-33.5,-23.5,0,0,0
63,-33.5,-22.5,0,0,0
64,-33.5,-21.5,0,0,0
65,-33.5,-20.5,0,0,0
66,-33.5,-19.5,0,0,0
67,-33.5,-18.5,0,0,0
68,-33.5,-17.5,0,0,0
69,-33.5,-16.5,0,0,0
70,-33.5,-15.5,0,0,0
71,-33.5,-14.5,0,0,0
72,-33.5,-13.5,0,0,0
73,-33.5,-12.5,0,0,0
74,-33.5,-11.5,0,0,0
75,-33.5,-10.5,0,0,0
76,-33.5,-9.5,0,0,0
77,-33.5,-8.5,0,0,0
78,-33.5,-7.5,0,0,0
79,-33.5,-6.5,0,0,0
80,-33.5,-5.5,0,0,0
81,-33.5,-4.5,0,0,0
82,-33.5,-3.5,0,0,0
83,-33.5,-2.5,0,0,0
112,-32.5,-29.5,0,0,0
113,-32.5,-28.5,0,0,0
114,-32.5,-27.5,0,0,0
115,-32.5,-26.5,0,0,0
116,-32.5,-25.5,0,0,0
117,-32.5,-24.5,0,0,0
118,-32.5,-23.5,0,0,0
119,-32.5,-22.5,0,0,0
120,-32.5,-21.5,0,0,0
121,-32.5,-20.5,0,0,0
122,-32.5,-19.5,0,0,0
123,-32.5,-18.5,0,0,0
124,-32.5,-17.5,0,0,0
125,-32.5,-16.5,0,0,0
126,-32.5,-15.5,0,0,0
127,-32.5,-14.5,0,0,0
128,-32.5,-13.5,0,0,0
129,-32.5,-12.5,0,0,0
130,-32.5,-11.5,0,0,0
131,-32.5,-10.5,0,0,0
132,-32.5,-9.5,0,0,0
133,-32.5,-8.5,0,0,0
134,-32.5,-7.5,0,0,0
135,-32.5,-6.5,0,0,0
136,-32.5,-5.5,0,0,0
137,-32.5,-4.5,0,0,0
138,-32.5,-3.5,0,0,0
139,-32.5,-2.5,0,0,0
168,-31.5,-29.5,0,0,0
169,-31.5,-28.5,0,0,0
170,-31.5,-27.5,0,0,0
171,-31.5,-26.5,0,0,0
172,-31.5,-25.5,0,0,0
173,-31.5,-24.5,0,0,0
174,-31.5,-23.5,0,0,0
175,-31.5,-22.5,0,0,0
176,-31.5,-21.5,0,0,0
177,-31.5,-20.5,0,0,0
178,-31.5,-19.5,0,0,0
179,-31.5,-18.5,0,0,0
180,-31.5,-17.5,0,0,0
181,-31.5,-16.5,0,0,0
182,-31.5,-15.5,0,0,0
183,-31.5,-14.5,0,0,0
184,-31.5,-13.5,0,0,0
185,-31.5,-12.5,0,0,0
186,-31.5,-11.5,0,0,0
187,-31.5,-10.5,0,0,0
188,-31.5,-9.5,0,0,0
189,-31.5,-8.5,0,0,0
190,-31.5,-7.5,0,0,0
191,-31.5,-6.5,0,0,0
192,-31.5,-5.5,0,0,0
193,-31.5,-4.5,0,0,0
194,-31.5,-3.5,0,0,0
195,-31.5,-2.5,0,0,0
224,-30.5,-29.5,0,0,0
225,-30.5,-28.5,0,0,0
226,-30.5,-27.5,0,0,0
227,-30.5,-26.5,0,0,0
228,-30.5,-25.5,0,0,0
229,-30.5,-24.5,0,0,0
230,-30.5,-23.5,0,0,0
231,-30.5,-22.5,0,0,0
232,-30.5,-21.5,0,0,0
233,-30.5,-20.5,0,0,0
234,-30.5,-19.5,0,0,0
235,-30.5,-18.5,0,0,0
236,-30.5,-17.5,0,0,0
237,-30.5,-16.5,0,0,0
238,-30.5,-15.5,0,0,0
239,-30.5,-14.5,0,0,0
240,-30.5,-13.5,0,0,0
241,-30.5,-12.5,0,0,0
242,-30.5,-11.5,0,0,0
243,-30.5,-10.5,0,0,0
244,-30.5,-9.5,0,0,0
245,-30.5,-8.5,0,0,0
246,-30.5,-7.5,0,0,0
247,-30.5,-6.5,0,0,0
248,-30.5,-5.5,0,0,0
249,-30.5,-4.5,0,0,0
250,-30.5,-3.5,0,0,0
251,-30.5,-2.5,0,0,0
280,-29.5,-29.5,0,0,0
281,-29.5,-28.5,0,0,0
282,-29.5,-27.5,0,0,0
283,-29.5,-26.5,0,0,0
284,-29.5,-25.5,0,0,0
285,-29.5,-24.5,0,0,0
286,-29.5,-23.5,0,0,0
287,-29.5,-22.5,0,0,0
288,-29.5,-21.5,0,0,0
289,-29.5,-20.5,0,0,0
290,-29.5,-19.5,0,0,0
291,-29.5,-18.5,0,0,0
292,-29.5,-17.5,0,0,0
293,-29.5,-16.5,0,0,0
294,-29.5,-15.5,0,0,0
295,-29.5,-14.5,0,0,0
296,-29.5,-13.5,0,0,0
297,-29.5,-12.5,0,0,0
298,-29.5,-11.5,0,0,0
299,-29.5,-10.5,0,0,0
300,-29.5,-9.5,0,0,0
301,-29.5,-8.5,0,0,0
302,-29.5,-7.5,0,0,0
303,-29.5,-6.5,0,0,0
304,-29.5,-5.5,0,0,0
305,-29.5,-4.5,0,0,0
306,-29.5,-3.5,0,0,0
307,-29.5,-2.5,0,0,0
336,-28.5,-29.5,0,0,0
337,-28.5,-28.5,0,0,0
338,-28.5,-27.5,0,0,0
339,-28.5,-26.5,0,0,0
340,-28.5,-25.5,0,0,0
341,-28.5,-24.5,0,0,0
342,-28.5,-23.5,0,0,0
343,-28.5,-22.5,0,0,0
344,-28.5,-21.5,0,0,0
345,-28.5,-20.5,0,0,0
346,-28.5,-19.5,0,0,0
347,-28.5,-18.5,0,0,0
348,-28.5,-17.5,0,0,0
349,-28.5,-16.5,0,0,0
350,-28.5,-15.5,0,0,0
351,-28.5,-14.5,0,0,0
352,-28.5,-13.5,0,0,0
353,-28.5,-12.5,0,0,0
354,-28.5,-11.5,0,0,0
355,-28.5,-10.5,0,0,0
356,-28.5,-9.5,0,0,0
357,-28.5,-8.5,0,0,0
358,-28.5,-7.5,0,0,0
359,-28.5,-6.5,0,0,0
360,-28.5,-5.5,0,0,0
361,-28.5,-4.5,0,0,0
362,-28.5,-3.5,0,0,0
363,-28.5,-2.5,0,0,0
392,-27.5,-29.5,0,0,0
393,-27.5,-28.5,0,0,0
394,-27.5,-27.5,0,0,0
395,-27.5,-26.5,0,0,0
396,-27.5,-25.5,0,0,0
397,-27.5,-24.5,0,0,0
398,-27.5,-23.5,0,0,0
399,-27.5,-22.5,0,0,0
400,-27.5,-21.5,0,0,0
401,-27.5,-20.5,0,0,0
402,-27.5,-19.5,0,0,0
403,-27.5,-18.5,0,0,0
404,-27.5,-17.5,0,0,0
405,-27.5,-16.5,0,0,0
406,-27.5,-15.5,0,0,0
407,-27.5,-14.5,0,0,0
408,-27.5,-13.5,0,0,0
409,-27.5,-12.5,0,0,0
410,-27.5,-11.5,0,0,0
411,-27.5,-10.5,0,0,0
412,-27.5,-9.5,0,0,0
413,-27.5,-8.5,0,0,0
414,-27.5,-7.5,0,0,0
415,-27.5,-6.5,0,0,0
416,-27.5,-5.5,0,0,0
417,-27.5,-4.5,0,0,0
418,-27.5,-3.5,0,0,0
419,-27.5,-2.5,0,0,0
449,-26.5,-28.5,0,0,0
450,-26.5,-27.5,0,0,0
451,-26.5,-26.5,0,0,0
452,-26.5,-25.5,0,0,0
453,-26.5,-24.5,0,0,0
454,-26.5,-23.5,0,0,0
455,-26.5,-22.5,0,0,0
456,-26.5,-21.5,0,0,0
457,-26.5,-20.5,0,0,0
458,-26.5,-19.5,0,0,0
459,-26.5,-18.5,0,0,0
460,-26.5,-17.5,0,0,0
461,-26.5,-16.5,0,0,0
462,-26.5,-15.5,0,0,0
463,-26.5,-14.5,0,0,0
464,-26.5,-13.5,0,0,0
465,-26.5,-12.5,0,0,0
466,-26.5,-11.5,0,0,0
467,-26.5,-10.5,0,0,0
468,-26.5,-9.5,0,0,0
469,-26.5,-8.5,0,0,0
470,-26.5,-7.5,0,0,0
471,-26.5,-6.5,0,0,0
472,-26.5,-5.5,0,0,0
473,-26.5,-4.5,0,0,0
474,-26.5,-3.5,0,0,0
475,-26.5,-2.5,0,0,0
510,-25.5,-23.5,0,0,0
511,-25.5,-22.5,0,0,0
512,-25.5,-21.5,0,0,0
513,-25.5,-20.5,0,0,0
514,-25.5,-19.5,0,0,0
515,-25.5,-18.5,0,0,0
516,-25.5,-17.5,0,0,0
517,-25.5,-16.5,0,0,0
518,-25.5,-15.5,0,0,0
519,-25.5,-14.5,0,0,0
520,-25.5,-13.5,0,0,0
521,-25.5,-12.5,0,0,0
522,-25.5,-11.5,0,0,0
523,-25.5,-10.5,0,0,0
524,-25.5,-9.5,0,0,0
525,-25.5,-8.5,0,0,0
526,-25.5,-7.5,0,0,0
527,-25.5,-6.5,0,0,0
528,-25.5,-5.5,0,0,0
529,-25.5,-4.5,0,0,0
530,-25.5,-3.5,0,0,0
531,-25.5,-2.5,0,0,0
569,-24.5,-20.5,0,0,0
570,-24.5,-19.5,0,0,0
571,-24.5,-18.5,0,0,0
572,-24.5,-17.5,0,0,0
573,-24.5,-16.5,0,0,0
574,-24.5,-15.5,0,0,0
575,-24.5,-14.5,0,0,0
576,-24.5,-13.5,0,0,0
577,-24.5,-12.5,0,0,0
578,-24.5,-11.5,0,0,0
579,-24.5,-10.5,0,0,0
580,-24.5,-9.5,0,0,0
581,-24.5,-8.5,0,0,0
582,-24.5,-7.5,0,0,0
583,-24.5,-6.5,0,0,0
584,-24.5,-5.5,0,0,0
585,-24.5,-4.5,0,0,0
586,-24.5,-3.5,0,0,0
587,-24.5,-2.5,0,0,0
627,-23.5,-18.5,0,0,0
628,-23.5,-17.5,0,0,0
629,-23.5,-16.5,0,0,0
630,-23.5,-15.5,0,0,0
631,-23.5,-14.5,0,0,0
632,-23.5,-13.5,0,0,0
633,-23.5,-12.5,0,0,0
634,-23.5,-11.5,0,0,0
635,-23.5,-10.5,0,0,0
636,-23.5,-9.5,0,0,0
637,-23.5,-8.5,0,0,0
638,-23.5,-7.5,0,0,0
639,-23.5,-6.5,0,0,0
640,-23.5,-5.5,0,0,0
641,-23.5,-4.5,0,0,0
642,-23.5,-3.5,0,0,0
643,-23.5,-2.5,0,0,0
685,-22.5,-16.5,0,0,0
686,-22.5,-15.5,0,0,0
687,-22.5,-14.5,0,0,0
688,-22.5,-13.5,0,0,0
689,-22.5,-12.5,0,0,0
690,-22.5,-11.5,0,0,0
691,-22.5,-10.5,0,0,0
692,-22.5,-9.5,0,0,0
693,-22.5,-8.5,0,0,0
694,-22.5,-7.5,0,0,0
695,-22.5,-6.5,0,0,0
696,-22.5,-5.5,0,0,0
697,-22.5,-4.5,0,0,0
698,-22.5,-3.5,0,0,0
699,-22.5,-2.5,0,0,0
742,-21.5,-15.5,0,0,0
743,-21.5,-14.5,0,0,0
744,-21.5,-13.5,0,0,0
745,-21.5,-12.5,0,0,0
746,-21.5,-11.5,0,0,0
747,-21.5,-10.5,0,0,0
748,-21.5,-9.5,0,0,0
749,-21.5,-8.5,0,0,0
750,-21.5,-7.5,0,0,0
751,-21.5,-6.5,0,0,0
752,-21.5,-5.5,0,0,0
753,-21.5,-4.5,0,0,0
754,-21.5,-3.5,0,0,0
755,-21.5,-2.5,0,0,0
800,-20.5,-13.5,0,0,0
801,-20.5,-12.5,0,0,0
802,-20.5,-11.5,0,0,0
803,-20.5,-10.5,0,0,0
804,-20.5,-9.5,0,0,0
805,-20.5,-8.5,0,0,0
806,-20.5,-7.5,0,0,0
807,-20.5,-6.5,0,0,0
808,-20.5,-5.5,0,0,0
859,-19.5,-10.5,0,0,0
39,-34.5,13.5,0,0,0
40,-34.5,14.5,0,0,0
41,-34.5,15.5,0,0,0
42,-34.5,16.5,0,0,0
43,-34.5,17.5,0,0,0
44,-34.5,18.5,0,0,0
45,-34.5,19.5,0,0,0
46,-34.5,20.5,0,0,0
47,-34.5,21.5,0,0,0
48,-34.5,22.5,0,0,0
49,-34.5,23.5,0,0,0
50,-34.5,24.5,0,0,0
51,-34.5,25.5,0,0,0
52,-34.5,26.5,0,0,0
53,-34.5,27.5,0,0,0
54,-34.5,28.5,0,0,0
55,-34.5,29.5,0,5e-09,0
95,-33.5,13.5,0,0,0
96,-33.5,14.5,0,0,0
97,-33.5,15.5,0,0,0
98,-33.5,16.5,0,0,0
99,-33.5,17.5,0,0,0
100,-33.5,18.5,0,0,0
101,-33.5,19.5,0,0,0
102,-33.5,20.5,0,0,0
103,-33.5,21.5,0,0,0
104,-33.5,22.5,0,0,0
105,-33.5,23.5,0,0,0
106,-33.5,24.5,0,0,0
107,-33.5,25.5,0,0,0
108,-33.5,26.5,0,0,0
109,-33.5,27.5,0,0,0
110,-33.5,28.5,0,0,0
111,-33.5,29.5,0,5e-09,0
151,-32.5,13.5,0,0,0
152,-32.5,14.5,0,0,0
153,-32.5,15.5,0,0,0
154,-32.5,16.5,0,0,0
155,-32.5,17.5,0,0,0
156,-32.5,18.5,0,0,0
157,-32.5,19.5,0,0,0
158,-32.5,20.5,0,0,0
159,-32.5,21.5,0,0,0
160,-32.5,22.5,0,0,0
161,-32.5,23.5,0,0,0
162,-32.5,24.5,0,0,0
163,-32.5,25.5,0,0,0
164,-32.5,26.5,0,0,0
165,-32.5,27.5,0,0,0
166,-32.5,28.5,0,0,0
167,-32.5,29.5,0,5e-09,0
207,-31.5,13.5,0,0,0
208,-31.5,14.5,0,0,0
209,-31.5,15.5,0,0,0
210,-31.5,16.5,0,0,0
211,-31.5,17.5,0,0,0
212,-31.5,18.5,0,0,0
213,-31.5,19.5,0,0,0
214,-31.5,20.5,0,0,0
215,-31.5,21.5,0,0,0
216,-31.5,22.5,0,0,0
217,-31.5,23.5,0,0,0
218,-31.5,24.5,0,0,0
219,-31.5,25.5,0,0,0
220,-31.5,26.5,0,0,0
221,-31.5,27.5,0,0,0
222,-31.5,28.5,0,0,0
223,-31.5,29.5,0,5e-09,0
263,-30.5,13.5,0,0,0
264,-30.5,14.5,0,0,0
265,-30.5,15.5,0,0,0
266,-30.5,16.5,0,0,0
267,-30.5,17.5,0,0,0
268,-30.5,18.5,0,0,0
269,-30.5,19.5,0,0,0
270,-30.5,20.5,0,0,0
271,-30.5,21.5,0,0,0
272,-30.5,22.5,0,0,0
273,-30.5,23.5,0,0,0
274,-30.5,24.5,0,0,0
275,-30.5,25.5,0,0,0
276,-30.5,26.5,0,0,0
277,-30.5,27.5,0,0,0
278,-30.5,28.5,0,0,0
279,-30.5,29.5,0,5e-09,0
319,-29.5,13.5,0,0,0
320,-29.5,14.5,0,0,0
321,-29.5,15.5,0,0,0
322,-29.5,16.5,0,0,0
323,-29.5,17.5,0,0,0
324,-29.5,18.5,0,0,0
325,-29.5,19.5,0,0,0
326,-29.5,20.5,0,0,0
327,-29.5,21.5,0,0,0
328,-29.5,22.5,0,0,0
329,-29.5,23.5,0,0,0
330,-29.5,24.5,0,0,0
331,-29.5,25.5,0,0,0
332,-29.5,26.5,0,0,0
333,-29.5,27.5,0,0,0
334,-29.5,28.5,0,0,0
335,-29.5,29.5,0,5e-09,0
375,-28.5,13.5,0,0,0
376,-28.5,14.5,0,0,0
377,-28.5,15.5,0,0,0
378,-28.5,16.5,0,0,0
379,-28.5,17.5,0,0,0
380,-28.5,18.5,0,0,0
381,-28.5,19.5,0,0,0
382,-28.5,20.5,0,0,0
383,-28.5,21.5,0,0,0
384,-28.5,22.5,0,0,0
385,-28.5,23.5,0,0,0
386,-28.5,24.5,0,0,0
387,-28.5,25.5,0,0,0
388,-28.5,26.5,0,0,0
389,-28.5,27.5,0,0,0
390,-28.5,28.5,0,0,0
391,-28.5,29.5,0,5e-09,0
431,-27.5,13.5,0,0,0
432,-27.5,14.5,0,0,0
433,-27.5,15.5,0,0,0
434,-27.5,16.5,0,0,0
435,-27.5,17.5,0,0,0
436,-27.5,18.5,0,0,0
437,-27.5,19.5,0,0,0
438,-27.5,20.5,0,0,0
439,-27.5,21.5,0,0,0
440,-27.5,22.5,0,0,0
441,-27.5,23.5,0,0,0
442,-27.5,24.5,0,0,0
443,-27.5,25.5,0,0,0
444,-27.5,26.5,0,0,0
445,-27.5,27.5,0,0,0
446,-27.5,28.5,0,0,0
447,-27.5,29.5,0,5e-09,0
488,-26.5,14.5,0,0,0
489,-26.5,15.5,0,0,0
490,-26.5,16.5,0,0,0
491,-26.5,17.5,0,0,0
492,-26.5,18.5,0,0,0
493,-26.5,19.5,0,0,0
494,-26.5,20.5,0,0,0
495,-26.5,21.5,0,0,0
496,-26.5,22.5,0,0,0
497,-26.5,23.5,0,0,0
498,-26.5,24.5,0,0,0
499,-26.5,25.5,0,0,0
500,-26.5,26.5,0,0,0
501,-26.5,27.5,0,0,0
502,-26.5,28.5,0,0,0
503,-26.5,29.5,0,5e-09,0
544,-25.5,14.5,0,0,0
545,-25.5,15.5,0,0,0
546,-25.5,16.5,0,0,0
547,-25.5,17.5,0,0,0
548,-25.5,18.5,0,0,0
549,-25.5,19.5,0,0,0
550,-25.5,20.5,0,0,0
551,-25.5,21.5,0,0,0
552,-25.5,22.5,0,0,0
553,-25.5,23.5,0,0,0
554,-25.5,24.5,0,0,0
555,-25.5,25.5,0,0,0
556,-25.5,26.5,0,0,0
557,-25.5,27.5,0,0,0
558,-25.5,28.5,0,0,0
559,-25.5,29.5,0,5e-09,0
600,-24.5,14.5,0,0,0
601,-24.5,15.5,0,0,0
602,-24.5,16.5,0,0,0
603,-24.5,17.5,0,0,0
604,-24.5,18.5,0,0,0
605,-24.5,19.5,0,0,0
606,-24.5,20.5,0,0,0
607,-24.5,21.5,0,0,0
608,-24.5,22.5,0,0,0
609,-24.5,23.5,0,0,0
610,-24.5,24.5,0,0,0
611,-24.5,25.5,0,0,0
612,-24.5,26.5,0,0,0
613,-24.5,27.5,0,0,0
614,-24.5,28.5,0,0,0
615,-24.5,29.5,0,5e-09,0
656,-23.5,14.5,0,0,0
657,-23.5,15.5,0,0,0
658,-23.5,16.5,0,0,0
659,-23.5,17.5,0,0,0
660,-23.5,18.5,0,0,0
661,-23.5,19.5,0,0,0
662,-23.5,20.5,0,0,0
663,-23.5,21.5,0,0,0
664,-23.5,22.5,0,0,0
665,-23.5,23.5,0,0,0
666,-23.5,24.5,0,0,0
667,-23.5,25.5,0,0,0
668,-23.5,26.5,0,0,0
669,-23.5,27.5,0,0,0
670,-23.5,28.5,0,0,0
671,-23.5,29.5,0,5e-09,0
713,-22.5,15.5,0,0,0
714,-22.5,16.5,0,0,0
715,-22.5,17.5,0,0,0
716,-22.5,18.5,0,0,0
717,-22.5,19.5,0,0,0
718,-22.5,20.5,0,0,0
719,-22.5,21.5,0,0,0
720,-22.5,22.5,0,0,0
721,-22.5,23.5,0,0,0
722,-22.5,24.5,0,0,0
723,-22.5,25.5,0,0,0
724,-22.5,26.5,0,0,0
725,-22.5,27.5,0,0,0
726,-22.5,28.5,0,0,0
727,-22.5,29.5,0,5e-09,0
769,-21.5,15.5,0,0,0
770,-21.5,16.5,0,0,0
771,-21.5,17.5,0,0,0
772,-21.5,18.5,0,0,0
773,-21.5,19.5,0,0,0
774,-21.5,20.5,0,0,0
775,-21.5,21.5,0,0,0
776,-21.5,22.5,0,0,0
777,-21.5,23.5,0,0,0
778,-21.5,24.5,0,0,0
779,-21.5,25.5,0,0,0
780,-21.5,26.5,0,0,0
781,-21.5,27.5,0,0,0
782,-21.5,28.5,0,0,0
783,-21.5,29.5,0,5e-09,0
825,-20.5,15.5,0,0,0
826,-20.5,16.5,0,0,0
827,-20.5,17.5,0,0,0
828,-20.5,18.5,0,0,0
829,-20.5,19.5,0,0,0
830,-20.5,20.5,0,0,0
831,-20.5,21.5,0,0,0
832,-20.5,22.5,0,0,0
833,-20.5,23.5,0,0,0
834,-20.5,24.5,0,0,0
835,-20.5,25.5,0,0,0
836,-20.5,26.5,0,0,0
837,-20.5,27.5,0,0,0
838,-20.5,28.5,0,0,0
839,-20.5,29.5,0,5e-09,0
881,-19.5,15.5,0,0,0
882,-19.5,16.5,0,0,0
883,-19.5,17.5,0,0,0
884,-19.5,18.5,0,0,0
885,-19.5,19.5,0,0,0
886,-19.5,20.5,0,0,0
887,-19.5,21.5,0,0,0
888,-19.5,22.5,0,0,0
889,-19.5,23.5,0,0,0
890,-19.5,24.5,0,0,0
891,-19.5,25.5,0,0,0
892,-19.5,26.5,0,0,0
893,-19.5,27.5,0,0,0
894,-19.5,28.5,0,0,0
895,-19.5,29.5,0,5e-09,0
937,-18.5,15.5,0,0,0
938,-18.5,16.5,0,0,0
939,-18.5,17.5,0,0,0
940,-18.5,18.5,0,0,0
941,-18.5,19.5,0,0,0
942,-18.5,20.5,0,0,0
943,-18.5,21.5,0,0,0
944,-18.5,22.5,0,0,0
945,-18.5,23.5,0,0,0
946,-18.5,24.5,0,0,0
947,-18.5,25.5,0,0,0
948,-18.5,26.5,0,0,0
949,-18.5,27.5,0,0,0
950,-18.5,28.5,0,0,0
951,-18.5,29.5,0,5e-09,0
998,-17.5,16.5,0,0,0
999,-17.5,17.5,0,0,0
1000,-17.5,18.5,0,0,0
1001,-17.5,19.5,0,0,0
1002,-17.5,20.5,0,0,0
1003,-17.5,21.5,0,0,0
1004,-17.5,22.5,0,0,0
1005,-17.5,23.5,0,0,0
1006,-17.5,24.5,0,0,0
1007,-17.5,25.5,0,0,0
1008,-17.5,26.5,0,0,0
1009,-17.5,27.5,0,0,0
1010,-17.5,28.5,0,0,0
1011,-17.5,29.5,0,5e-09,0
1058,-16.5,16.5,0,0,0
1059,-16.5,17.5,0,0,0
1060,-16.5,18.5,0,0,0
1061,-16.5,19.5,0,0,0
1062,-16.5,20.5,0,0,0
1063,-16.5,21.5,0,0,0
1064,-16.5,22.5,0,0,0
1065,-16.5,23.5,0,0,0
1066,-16.5,24.5,0,0,0
1067,-16.5,25.5,0,0,0
1068,-16.5,26.5,0,0,0
1069,-16.5,27.5,0,0,0
1070,-16.5,28.5,0,0,0
1071,-16.5,29.5,0,5e-09,0
1119,-15.5,17.5,0,0,0
1120,-15.5,18.5,0,0,0
1121,-15.5,19.5,0,0,0
1122,-15.5,20.5,0,0,0
1123,-15.5,21.5,0,0,0
1124,-15.5,22.5,0,0,0
1125,-15.5,23.5,0,0,0
1126,-15.5,24.5,0,0,0
1127,-15.5,25.5,0,0,0
1128,-15.5,26.5,0,0,0
1129,-15.5,27.5,0,0,0
1130,-15.5,28.5,0,0,0
1131,-15.5,29.5,0,5e-09,0
1179,-14.5,17.5,0,0,0
1180,-14.5,18.5,0,0,0
1181,-14.5,19.5,0,0,0
1182,-14.5,20.5,0,0,0
1183,-14.5,21.5,0,0,0
1184,-14.5,22.5,0,0,0
1185,-14.5,23.5,0,0,0
1186,-14.5,24.5,0,0,0
1187,-14.5,25.5,0,0,0
1188,-14.5,26.5,0,0,0
1189,-14.5,27.5,0,0,0
1190,-14.5,28.5,0,0,0
1191,-14.5,29.5,0,5e-09,0
28,-34.5,2.5,0,0,0
29,-34.5,3.5,0,0,0
30,-34.5,4.5,0,0,0
31,-34.5,5.5,0,0,0
32,-34.5,6.5,0,0,0
33,-34.5,7.5,0,0,0
34,-34.5,8.5,0,0,0
35,-34.5,9.5,0,0,0
36,-34.5,10.5,0,0,0
37,-34.5,11.5,0,0,0
38,-34.5,12.5,0,0,0
84,-33.5,2.5,0,0,0
85,-33.5,3.5,0,0,0
86,-33.5,4.5,0,0,0
87,-33.5,5.5,0,0,0
88,-33.5,6.5,0,0,0
89,-33.5,7.5,0,0,0
90,-33.5,8.5,0,0,0
91,-33.5,9.5,0,0,0
92,-33.5,10.5,0,0,0
93,-33.5,11.5,0,0,0
94,-33.5,12.5,0,0,0
140,-32.5,2.5,0,0,0
141,-32.5,3.5,0,0,0
142,-32.5,4.5,0,0,0
143,-32.5,5.5,0,0,0
144,-32.5,6.5,0,0,0
145,-32.5,7.5,0,0,0
146,-32.5,8.5,0,0,0
147,-32.5,9.5,0,0,0
148,-32.5,10.5,0,0,0
149,-32.5,11.5,0,0,0
150,-32.5,12.5,0,0,0
196,-31.5,2.5,0,0,0
197,-31.5,3.5,0,0,0
198,-31.5,4.5,0,0,0
199,-31.5,5.5,0,0,0
200,-31.5,6.5,0,0,0
201,-31.5,7.5,0,0,0
202,-31.5,8.5,0,0,0
203,-31.5,9.5,0,0,0
204,-31.5,10.5,0,0,0
205,-31.5,11.5,0,0,0
206,-31.5,12.5,0,0,0
252,-30.5,2.5,0,0,0
253,-30.5,3.5,0,0,0
254,-30.5,4.5,0,0,0
255,-30.5,5.5,0,0,0
256,-30.5,6.5,0,0,0
257,-30.5,7.5,0,0,0
258,-30.5,8.5,0,0,0
259,-30.5,9.5,0,0,0
260,-30.5,10.5,0,0,0
261,-30.5,11.5,0,0,0
262,-30.5,12.5,0,0,0
308,-29.5,2.5,0,0,0
309,-29.5,3.5,0,0,0
310,-29.5,4.5,0,0,0
311,-29.5,5.5,0,0,0
312,-29.5,6.5,0,0,0
313,-29.5,7.5,0,0,0
314,-29.5,8.5,0,0,0
315,-29.5,9.5,0,0,0
316,-29.5,10.5,0,0,0
317,-29.5,11.5,0,0,0
318,-29.5,12.5,0,0,0
364,-28.5,2.5,0,0,0
365,-28.5,3.5,0,0,0
366,-28.5,4.5,0,0,0
367,-28.5,5.5,0,0,0
368,-28.5,6.5,0,0,0
369,-28.5,7.5,0,0,0
370,-28.5,8.5,0,0,0
371,-28.5,9.5,0,0,0
372,-28.5,10.5,0,0,0
373,-28.5,11.5,0,0,0
374,-28.5,12.5,0,0,0
420,-27.5,2.5,0,0,0
421,-27.5,3.5,0,0,0
422,-27.5,4.5,0,0,0
423,-27.5,5.5,0,0,0
424,-27.5,6.5,0,0,0
425,-27.5,7.5,0,0,0
426,-27.5,8.5,0,0,0
427,-27.5,9.5,0,0,0
428,-27.5,10.5,0,0,0
429,-27.5,11.5,0,0,0
430,-27.5,12.5,0,0,0
476,-26.5,2.5,0,0,0
477,-26.5,3.5,0,0,0
478,-26.5,4.5,0,0,0
479,-26.5,5.5,0,0,0
480,-26.5,6.5,0,0,0
481,-26.5,7.5,0,0,0
482,-26.5,8.5,0,0,0
483,-26.5,9.5,0,0,0
484,-26.5,10.5,0,0,0
485,-26.5,11.5,0,0,0
486,-26.5,12.5,0,0,0
487,-26.5,13.5,0,0,0
532,-25.5,2.5,0,0,0
533,-25.5,3.5,0,0,0
534,-25.5,4.5,0,0,0
535,-25.5,5.5,0,0,0
536,-25.5,6.5,0,0,0
537,-25.5,7.5,0,0,0
538,-25.5,8.5,0,0,0
539,-25.5,9.5,0,0,0
540,-25.5,10.5,0,0,0
541,-25.5,11.5,0,0,0
542,-25.5,12.5,0,0,0
543,-25.5,13.5,0,0,0
588,-24.5,2.5,0,0,0
589,-24.5,3.5,0,0,0
590,-24.5,4.5,0,0,0
591,-24.5,5.5,0,0,0
592,-24.5,6.5,0,0,0
593,-24.5,7.5,0,0,0
594,-24.5,8.5,0,0,0
595,-24.5,9.5,0,0,0
596,-24.5,10.5,0,0,0
597,-24.5,11.5,0,0,0
598,-24.5,12.5,0,0,0
599,-24.5,13.5,0,0,0
644,-23.5,2.5,0,0,0
645,-23.5,3.5,0,0,0
646,-23.5,4.5,0,0,0
647,-23.5,5.5,0,0,0
648,-23.5,6.5,0,0,0
649,-23.5,7.5,0,0,0
650,-23.5,8.5,0,0,0
651,-23.5,9.5,0,0,0
652,-23.5,10.5,0,0,0
653,-23.5,11.5,0,0,0
654,-23.5,12.5,0,0,0
655,-23.5,13.5,0,0,0
700,-22.5,2.5,0,0,0
701,-22.5,3.5,0,0,0
702,-22.5,4.5,0,0,0
703,-22.5,5.5,0,0,0
704,-22.5,6.5,0,0,0
705,-22.5,7.5,0,0,0
706,-22.5,8.5,0,0,0
707,-22.5,9.5,0,0,0
708,-22.5,10.5,0,0,0
709,-22.5,11.5,0,0,0
710,-22.5,12.5,0,0,0
711,-22.5,13.5,0,0,0
712,-22.5,14.5,0,0,0
756,-21.5,2.5,0,0,0
757,-21.5,3.5,0,0,0
758,-21.5,4.5,0,0,0
759,-21.5,5.5,0,0,0
760,-21.5,6.5,0,0,0
761,-21.5,7.5,0,0,0
762,-21.5,8.5,0,0,0
763,-21.5,9.5,0,0,0
764,-21.5,10.5,0,0,0
765,-21.5,11.5,0,0,0
766,-21.5,12.5,0,0,0
767,-21.5,13.5,0,0,0
768,-21.5,14.5,0,0,0
812,-20.5,2.5,0,0,0
813,-20.5,3.5,0,0,0
814,-20.5,4.5,0,0,0
815,-20.5,5.5,0,0,0
816,-20.5,6.5,0,0,0
817,-20.5,7.5,0,0,0
818,-20.5,8.5,0,0,0
819,-20.5,9.5,0,0,0
820,-20.5,10.5,0,0,0
821,-20.5,11.5,0,0,0
822,-20.5,12.5,0,0,0
823,-20.5,13.5,0,0,0
824,-20.5,14.5,0,0,0
868,-19.5,2.5,0,0,0
869,-19.5,3.5,0,0,0
870,-19.5,4.5,0,0,0
871,-19.5,5.5,0,0,0
872,-19.5,6.5,0,0,0
873,-19.5,7.5,0,0,0
874,-19.5,8.5,0,0,0
875,-19.5,9.5,0,0,0
876,-19.5,10.5,0,0,0
877,-19.5,11.5,0,0,0
878,-19.5,12.5,0,0,0
879,-19.5,13.5,0,0,0
880,-19.5,14.5,0,0,0
924,-18.5,2.5,0,0,0
925,-18.5,3.5,0,0,0
926,-18.5,4.5,0,0,0
927,-18.5,5.5,0,0,0
928,-18.5,6.5,0,0,0
929,-18.5,7.5,0,0,0
930,-18.5,8.5,0,0,0
931,-18.5,9.5,0,0,0
932,-18.5,10.5,0,0,0
933,-18.5,11.5,0,0,0
934,-18.5,12.5,0,0,0
935,-18.5,13.5,0,0,0
936,-18.5,14.5,0,0,0
983,-17.5,1.5,0,0,0
984,-17.5,2.5,0,0,0
985,-17.5,3.5,0,0,0
986,-17.5,4.5,0,0,0
987,-17.5,5.5,0,0,0
988,-17.5,6.5,0,0,0
989,-17.5,7.5,0,0,0
990,-17.5,8.5,0,0,0
991,-17.5,9.5,0,0,0
992,-17.5,10.5,0,0,0
993,-17.5,11.5,0,0,0
994,-17.5,12.5,0,0,0
995,-17.5,13.5,0,0,0
996,-17.5,14.5,0,0,0
997,-17.5,15.5,0,0,0
1043,-16.5,1.5,0,0,0
1044,-16.5,2.5,0,0,0
1045,-16.5,3.5,0,0,0
1046,-16.5,4.5,0,0,0
1047,-16.5,5.5,0,0,0
1048,-16.5,6.5,0,0,0
1049,-16.5,7.5,0,0,0
1050,-16.5,8.5,0,0,0
1051,-16.5,9.5,0,0,0
1052,-16.5,10.5,0,0,0
1053,-16.5,11.5,0,0,0
1054,-16.5,12.5,0,0,0
1055,-16.5,13.5,0,0,0
1056,-16.5,14.5,0,0,0
1057,-16.5,15.5,0,0,0
1104,-15.5,2.5,0,0,0
1105,-15.5,3.5,0,0,0
1106,-15.5,4.5,0,0,0
1107,-15.5,5.5,0,0,0
1108,-15.5,6.5,0,0,0
1109,-15.5,7.5,0,0,0
1110,-15.5,8.5,0,0,0
1111,-15.5,9.5,0,0,0
1112,-15.5,10.5,0,0,0
1113,-15.5,11.5,0,0,0
1114,-15.5,12.5,0,0,0
1115,-15.5,13.5,0,0,0
1116,-15.5,14.5,0,0,0
1117,-15.5,15.5,0,0,0
1118,-15.5,16.5,0,0,0
1164,-14.5,2.5,0,0,0
1165,-14.5,3.5,0,0,0
1166,-14.5,4.5,0,0,0
1167,-14.5,5.5,0,0,0
1168,-14.5,6.5,0,0,0
1169,-14.5,7.5,0,0,0
1170,-14.5,8.5,0,0,0
1171,-14.5,9.5,0,0,0
1172,-14.5,10.5,0,0,0
1173,-14.5,11.5,0,0,0
1174,-14.5,12.5,0,0,0
1175,-14.5,13.5,0,0,0
1176,-14.5,14.5,0,0,0
1177,-14.5,15.5,0,0,0
1178,-14.5,16.5,0,0,0
1224,-13.5,2.5,0,0,0
1225,-13.5,3.5,0,0,0
1226,-13.5,4.5,0,0,0
1227,-13.5,5.5,0,0,0
1228,-13.5,6.5,0,0,0
1229,-13.5,7.5,0,0,0
1230,-13.5,8.5,0,0,0
1231,-13.5,9.5,0,0,0
1232,-13.5,10.5,0,0,0
1233,-13.5,11.5,0,0,0
1234,-13.5,12.5,0,0,0
1235,-13.5,13.5,0,0,0
1236,-13.5,14.5,0,0,0
1237,-13.5,15.5,0,0,0
1285,-12.5,3.5,0,0,0
1286,-12.5,4.5,0,0,0
1287,-12.5,5.5,0,0,0
1288,-12.5,6.5,0,0,0
1289,-12.5,7.5,0,0,0
1290,-12.5,8.5,0,0,0
1291,-12.5,9.5,0,0,0
1292,-12.5,10.5,0,0,0
1293,-12.5,11.5,0,0,0
1294,-12.5,12.5,0,0,0
1295,-12.5,13.5,0,0,0
1296,-12.5,14.5,0,0,0
1297,-12.5,15.5,0,0,0
1345,-11.5,3.5,0,0,0
1346,-11.5,4.5,0,0,0
1347,-11.5,5.5,0,0,0
1348,-11.5,6.5,0,0,0
1349,-11.5,7.5,0,0,0
1350,-11.5,8.5,0,0,0
1351,-11.5,9.5,0,0,0
1352,-11.5,10.5,0,0,0
1353,-11.5,11.5,0,0,0
1354,-11.5,12.5,0,0,0
1355,-11.5,13.5,0,0,0
1356,-11.5,14.5,0,0,0
1405,-10.5,3.5,0,0,0
1406,-10.5,4.5,0,0,0
1407,-10.5,5.5,0,0,0
1408,-10.5,6.5,0,0,0
1409,-10.5,7.5,0,0,0
1410,-10.5,8.5,0,0,0
1411,-10.5,9.5,0,0,0
1412,-10.5,10.5,0,0,0
1413,-10.5,11.5,0,0,0
1414,-10.5,12.5,0,0,0
1415,-10.5,13.5,0,0,0
1466,-9.5,4.5,0,0,0
1467,-9.5,5.5,0,0,0
1468,-9.5,6.5,0,0,0
1469,-9.5,7.5,0,0,0
1470,-9.5,8.5,0,0,0
1471,-9.5,9.5,0,0,0
1472,-9.5,10.5,0,0,0
1473,-9.5,11.5,0,0,0
1474,-9.5,12.5,0,0,0
1526,-8.5,4.5,0,0,0
1527,-8.5,5.5,0,0,0
1528,-8.5,6.5,0,0,0
1529,-8.5,7.5,0,0,0
1530,-8.5,8.5,0,0,0
1531,-8.5,9.5,0,0,0
1532,-8.5,10.5,0,0,0
1533,-8.5,11.5,0,0,0
1534,-8.5,12.5,0,0,0
1586,-7.5,4.5,0,0,0
1587,-7.5,5.5,0,0,0
1588,-7.5,6.5,0,0,0
1589,-7.5,7.5,0,0,0
1590,-7.5,8.5,0,0,0
1591,-7.5,9.5,0,0,0
1592,-7.5,10.5,0,0,0
1593,-7.5,11.5,0,0,0
1647,-6.5,5.5,0,0,0
1648,-6.5,6.5,0,0,0
1649,-6.5,7.5,0,0,0
1650,-6.5,8.5,0,0,0
1651,-6.5,9.5,0,0,0
1652,-6.5,10.5,0,0,0
1707,-5.5,5.5,0,0,0
1708,-5.5,6.5,0,0,0
1709,-5.5,7.5,0,0,0
1710,-5.5,8.5,0,0,0
1711,-5.5,9.5,0,0,0
448,-26.5,-29.5,0,0,0
504,-25.5,-29.5,0,0,0
505,-25.5,-28.5,0,0,0
506,-25.5,-27.5,0,0,0
507,-25.5,-26.5,0,0,0
508,-25.5,-25.5,0,0,0
509,-25.5,-24.5,0,0,0
560,-24.5,-29.5,0,0,0
561,-24.5,-28.5,0,0,0
562,-24.5,-27.5,0,0,0
563,-24.5,-26.5,0,0,0
564,-24.5,-25.5,0,0,0
565,-24.5,-24.5,0,0,0
566,-24.5,-23.5,0,0,0
567,-24.5,-22.5,0,0,0
568,-24.5,-21.5,0,0,0
616,-23.5,-29.5,0,0,0
617,-23.5,-28.5,0,0,0
618,-23.5,-27.5,0,0,0
619,-23.5,-26.5,0,0,0
620,-23.5,-25.5,0,0,0
621,-23.5,-24.5,0,0,0
622,-23.5,-23.5,0,0,0
623,-23.5,-22.5,0,0,0
624,-23.5,-21.5,0,0,0
625,-23.5,-20.5,0,0,0
626,-23.5,-19.5,0,0,0
672,-22.5,-29.5,0,0,0
673,-22.5,-28.5,0,0,0
674,-22.5,-27.5,0,0,0
675,-22.5,-26.5,0,0,0
676,-22.5,-25.5,0,0,0
677,-22.5,-24.5,0,0,0
678,-22.5,-23.5,0,0,0
679,-22.5,-22.5,0,0,0
680,-22.5,-21.5,0,0,0
681,-22.5,-20.5,0,0,0
682,-22.5,-19.5,0,0,0
683,-22.5,-18.5,0,0,0
684,-22.5,-17.5,0,0,0
728,-21.5,-29.5,0,0,0
729,-21.5,-28.5,0,0,0
730,-21.5,-27.5,0,0,0
731,-21.5,-26.5,0,0,0
732,-21.5,-25.5,0,0,0
733,-21.5,-24.5,0,0,0
734,-21.5,-23.5,0,0,0
735,-21.5,-22.5,0,0,0
736,-21.5,-21.5,0,0,0
737,-21.5,-20.5,0,0,0
738,-21.5,-19.5,0,0,0
739,-21.5,-18.5,0,0,0
740,-21.5,-17.5,0,0,0
741,-21.5,-16.5,0,0,0
784,-20.5,-29.5,0,0,0
785,-20.5,-28.5,0,0,0
786,-20.5,-27.5,0,0,0
787,-20.5,-26.5,0,0,0
788,-20.5,-25.5,0,0,0
789,-20.5,-24.5,0,0,0
790,-20.5,-23.5,0,0,0
791,-20.5,-22.5,0,0,0
792,-20.5,-21.5,0,0,0
793,-20.5,-20.5,0,0,0
794,-20.5,-19.5,0,0,0
795,-20.5,-18.5,0,0,0
796,-20.5,-17.5,0,0,0
797,-20.5,-16.5,0,0,0
798,-20.5,-15.5,0,0,0
799,-20.5,-14.5,0,0,0
840,-19.5,-29.5,0,0,0
841,-19.5,-28.5,0,0,0
842,-19.5,-27.5,0,0,0
843,-19.5,-26.5,0,0,0
844,-19.5,-25.5,0,0,0
845,-19.5,-24.5,0,0,0
846,-19.5,-23.5,0,0,0
847,-19.5,-22.5,0,0,0
848,-19.5,-21.5,0,0,0
849,-19.5,-20.5,0,0,0
850,-19.5,-19.5,0,0,0
851,-19.5,-18.5,0,0,0
852,-19.5,-17.5,0,0,0
853,-19.5,-16.5,0,0,0
854,-19.5,-15.5,0,0,0
855,-19.5,-14.5,0,0,0
856,-19.5,-13.5,0,0,0
857,-19.5,-12.5,0,0,0
896,-18.5,-29.5,0,0,0
897,-18.5,-28.5,0,0,0
898,-18.5,-27.5,0,0,0
899,-18.5,-26.5,0,0,0
900,-18.5,-25.5,0,0,0
901,-18.5,-24.5,0,0,0
902,-18.5,-23.5,0,0,0
903,-18.5,-22.5,0,0,0
904,-18.5,-21.5,0,0,0
905,-18.5,-20.5,0,0,0
906,-18.5,-19.5,0,0,0
907,-18.5,-18.5,0,0,0
908,-18.5,-17.5,0,0,0
909,-18.5,-16.5,0,0,0
910,-18.5,-15.5,0,0,0
911,-18.5,-14.5,0,0,0
912,-18.5,-13.5,0,0,0
952,-17.5,-29.5,0,0,0
953,-17.5,-28.5,0,0,0
954,-17.5,-27.5,0,0,0
955,-17.5,-26.5,0,0,0
956,-17.5,-25.5,0,0,0
957,-17.5,-24.5,0,0,0
958,-17.5,-23.5,0,0,0
959,-17.5,-22.5,0,0,0
960,-17.5,-21.5,0,0,0
961,-17.5,-20.5,0,0,0
962,-17.5,-19.5,0,0,0
963,-17.5,-18.5,0,0,0
964,-17.5,-17.5,0,0,0
965,-17.5,-16.5,0,0,0
966,-17.5,-15.5,0,0,0
967,-17.5,-14.5,0,0,0
968,-17.5,-13.5,0,0,0
1012,-16.5,-29.5,0,0,0
1013,-16.5,-28.5,0,0,0
1014,-16.5,-27.5,0,0,0
1015,-16.5,-26.5,0,0,0
1016,-16.5,-25.5,0,0,0
1017,-16.5,-24.5,0,0,0
1018,-16.5,-23.5,0,0,0
1019,-16.5,-22.5,0,0,0
1020,-16.5,-21.5,0,0,0
1021,-16.5,-20.5,0,0,0
1022,-16.5,-19.5,0,0,0
1023,-16.5,-18.5,0,0,0
1024,-16.5,-17.5,0,0,0
1025,-16.5,-16.5,0,0,0
1026,-16.5,-15.5,0,0,0
1027,-16.5,-14.5,0,0,0
1028,-16.5,-13.5,0,0,0
1072,-15.5,-29.5,0,0,0
1073,-15.5,-28.5,0,0,0
1074,-15.5,-27.5,0,0,0
1075,-15.5,-26.5,0,0,0
1076,-15.5,-25.5,0,0,0
1077,-15.5,-24.5,0,0,0
1078,-15.5,-23.5,0,0,0
1079,-15.5,-22.5,0,0,0
1080,-15.5,-21.5,0,0,0
1081,-15.5,-20.5,0,0,0
1082,-15.5,-19.5,0,0,0
1083,-15.5,-18.5,0,0,0
1084,-15.5,-17.5,0,0,0
1085,-15.5,-16.5,0,0,0
1086,-15.5,-15.5,0,0,0
1087,-15.5,-14.5,0,0,0
1088,-15.5,-13.5,0,0,0
1132,-14.5,-29.5,0,0,0
1133,-14.5,-28.5,0,0,0
1134,-14.5,-27.5,0,0,0
1135,-14.5,-26.5,0,0,0
1136,-14.5,-25.5,0,0,0
1137,-14.5,-24.5,0,0,0
1138,-14.5,-23.5,0,0,0
1139,-14.5,-22.5,0,0,0
1140,-14.5,-21.5,0,0,0
1141,-14.5,-20.5,0,0,0
1142,-14.5,-19.5,0,0,0
1143,-14.5,-18.5,0,0,0
1144,-14.5,-17.5,0,0,0
1145,-14.5,-16.5,0,0,0
1146,-14.5,-15.5,0,0,0
1147,-14.5,-14.5,0,0,0
1148,-14.5,-13.5,0,0,0
1192,-13.5,-29.5,0,0,0
1193,-13.5,-28.5,0,0,0
1194,-13.5,-27.5,0,0,0
1195,-13.5,-26.5,0,0,0
1196,-13.5,-25.5,0,0,0
1197,-13.5,-24.5,0,0,0
1198,-13.5,-23.5,0,0,0
1199,-13.5,-22.5,0,0,0
1200,-13.5,-21.5,0,0,0
1201,-13.5,-20.5,0,0,0
1202,-13.5,-19.5,0,0,0
1203,-13.5,-18.5,0,0,0
1204,-13.5,-17.5,0,0,0
1205,-13.5,-16.5,0,0,0
1206,-13.5,-15.5,0,0,0
1207,-13.5,-14.5,0,0,0
1252,-12.5,-29.5,0,0,0
1253,-12.5,-28.5,0,0,0
1254,-12.5,-27.5,0,0,0
1255,-12.5,-26.5,0,0,0
1256,-12.5,-25.5,0,0,0
1257,-12.5,-24.5,0,0,0
1258,-12.5,-23.5,0,0,0
1259,-12.5,-22.5,0,0,0
1260,-12.5,-21.5,0,0,0
1261,-12.5,-20.5,0,0,0
1262,-12.5,-19.5,0,0,0
1263,-12.5,-18.5,0,0,0
1264,-12.5,-17.5,0,0,0
1265,-12.5,-16.5,0,0,0
1266,-12.5,-15.5,0,0,0
1267,-12.5,-14.5,0,0,0
1312,-11.5,-29.5,0,0,0
1313,-11.5,-28.5,0,0,0
1314,-11.5,-27.5,0,0,0
1315,-11.5,-26.5,0,0,0
1316,-11.5,-25.5,0,0,0
1317,-11.5,-24.5,0,0,0
1318,-11.5,-23.5,0,0,0
1319,-11.5,-22.5,0,0,0
1320,-11.5,-21.5,0,0,0
1321,-11.5,-20.5,0,0,0
1322,-11.5,-19.5,0,0,0
1323,-11.5,-18.5,0,0,0
1324,-11.5,-17.5,0,0,0
1325,-11.5,-16.5,0,0,0
1326,-11.5,-15.5,0,0,0
1327,-11.5,-14.5,0,0,0
1372,-10.5,-29.5,0,0,0
1373,-10.5,-28.5,0,0,0
1374,-10.5,-27.5,0,0,0
1375,-10.5,-26.5,0,0,0
1376,-10.5,-25.5,0,0,0
1377,-10.5,-24.5,0,0,0
1378,-10.5,-23.5,0,0,0
1379,-10.5,-22.5,0,0,0
1380,-10.5,-21.5,0,0,0
1381,-10.5,-20.5,0,0,0
1382,-10.5,-19.5,0,0,0
1383,-10.5,-18.5,0,0,0
1384,-10.5,-17.5,0,0,0
1385,-10.5,-16.5,0,0,0
1386,-10.5,-15.5,0,0,0
1387,-10.5,-14.5,0,0,0
1432,-9.5,-29.5,0,0,0
1433,-9.5,-28.5,0,0,0
1434,-9.5,-27.5,0,0,0
1435,-9.5,-26.5,0,0,0
1436,-9.5,-25.5,0,0,0
1437,-9.5,-24.5,0,0,0
1438,-9.5,-23.5,0,0,0
1439,-9.5,-22.5,0,0,0
1440,-9.5,-21.5,0,0,0
1441,-9.5,-20.5,0,0,0
1442,-9.5,-19.5,0,0,0
1443,-9.5,-18.5,0,0,0
1444,-9.5,-17.5,0,0,0
1445,-9.5,-16.5,0,0,0
1446,-9.5,-15.5,0,0,0
1447,-9.5,-14.5,0,0,0
1492,-8.5,-29.5,0,0,0
1493,-8.5,-28.5,0,0,0
1494,-8.5,-27.5,0,0,0
1495,-8.5,-26.5,0,0,0
1496,-8.5,-25.5,0,0,0
1497,-8.5,-24.5,0,0,0
1498,-8.5,-23.5,0,0,0
1499,-8.5,-22.5,0,0,0
1500,-8.5,-21.5,0,0,0
1501,-8.5,-20.5,0,0,0
1502,-8.5,-19.5,0,0,0
1503,-8.5,-18.5,0,0,0
1504,-8.5,-17.5,0,0,0
1505,-8.5,-16.5,0,0,0
1506,-8.5,-15.5,0,0,0
1552,-7.5,-29.5,0,0,0
1553,-7.5,-28.5,0,0,0
1554,-7.5,-27.5,0,0,0
1555,-7.5,-26.5,0,0,0
1556,-7.5,-25.5,0,0,0
1557,-7.5,-24.5,0,0,0
1558,-7.5,-23.5,0,0,0
1559,-7.5,-22.5,0,0,0
1560,-7.5,-21.5,0,0,0
1561,-7.5,-20.5,0,0,0
1562,-7.5,-19.5,0,0,0
1563,-7.5,-18.5,0,0,0
1564,-7.5,-17.5,0,0,0
1565,-7.5,-16.5,0,0,0
1566,-7.5,-15.5,0,0,0
1612,-6.5,-29.5,0,0,0
1613,-6.5,-28.5,0,0,0
1614,-6.5,-27.5,0,0,0
1615,-6.5,-26.5,0,0,0
1616,-6.5,-25.5,0,0,0
1617,-6.5,-24.5,0,0,0
1618,-6.5,-23.5,0,0,0
1619,-6.5,-22.5,0,0,0
1620,-6.5,-21.5,0,0,0
1621,-6.5,-20.5,0,0,0
1622,-6.5,-19.5,0,0,0
1623,-6.5,-18.5,0,0,0
1624,-6.5,-17.5,0,0,0
1625,-6.5,-16.5,0,0,0
1626,-6.5,-15.5,0,0,0
1672,-5.5,-29.5,0,0,0
1673,-5.5,-28.5,0,0,0
1674,-5.5,-27.5,0,0,0
1675,-5.5,-26.5,0,0,0
1676,-5.5,-25.5,0,0,0
1677,-5.5,-24.5,0,0,0
1678,-5.5,-23.5,0,0,0
1679,-5.5,-22.5,0,0,0
1680,-5.5,-21.5,0,0,0
1681,-5.5,-20.5,0,0,0
1682,-5.5,-19.5,0,0,0
1683,-5.5,-18.5,0,0,0
1684,-5.5,-17.5,0,0,0
1685,-5.5,-16.5,0,0,0
1686,-5.5,-15.5,0,0,0
1732,-4.5,-29.5,0,0,0
1733,-4.5,-28.5,0,0,0
1734,-4.5,-27.5,0,0,0
1735,-4.5,-26.5,0,0,0
1736,-4.5,-25.5,0,0,0
1737,-4.5,-24.5,0,0,0
1738,-4.5,-23.5,0,0,0
1739,-4.5,-22.5,0,0,0
1740,-4.5,-21.5,0,0,0
1741,-4.5,-20.5,0,0,0
1742,-4.5,-19.5,0,0,0
1743,-4.5,-18.5,0,0,0
1792,-3.5,-29.5,0,0,0
1793,-3.5,-28.5,0,0,0
1794,-3.5,-27.5,0,0,0
1795,-3.5,-26.5,0,0,0
1796,-3.5,-25.5,0,0,0
809,-20.5,-4.5,0,0,0
810,-20.5,-3.5,0,0,0
811,-20.5,-2.5,0,0,0
858,-19.5,-11.5,0,0,0
860,-19.5,-9.5,0,0,0
861,-19.5,-8.5,0,0,0
862,-19.5,-7.5,0,0,0
863,-19.5,-6.5,0,0,0
864,-19.5,-5.5,0,0,0
865,-19.5,-4.5,0,0,0
866,-19.5,-3.5,0,0,0
867,-19.5,-2.5,0,0,0
913,-18.5,-12.5,0,0,0
914,-18.5,-11.5,0,0,0
915,-18.5,-10.5,0,0,0
916,-18.5,-9.5,0,0,0
917,-18.5,-8.5,0,0,0
918,-18.5,-7.5,0,0,0
919,-18.5,-6.5,0,0,0
920,-18.5,-5.5,0,0,0
921,-18.5,-4.5,0,0,0
922,-18.5,-3.5,0,0,0
923,-18.5,-2.5,0,0,0
969,-17.5,-12.5,0,0,0
970,-17.5,-11.5,0,0,0
971,-17.5,-10.5,0,0,0
972,-17.5,-9.5,0,0,0
973,-17.5,-8.5,0,0,0
974,-17.5,-7.5,0,0,0
975,-17.5,-6.5,0,0,0
976,-17.5,-5.5,0,0,0
977,-17.5,-4.5,0,0,0
978,-17.5,-3.5,0,0,0
979,-17.5,-2.5,0,0,0
980,-17.5,-1.5,0,0,0
981,-17.5,-0.5,0,0,0
982,-17.5,0.5,0,0,0
1029,-16.5,-12.5,0,0,0
1030,-16.5,-11.5,0,0,0
1031,-16.5,-10.5,0,0,0
1032,-16.5,-9.5,0,0,0
1033,-16.5,-8.5,0,0,0
1034,-16.5,-7.5,0,0,0
1035,-16.5,-6.5,0,0,0
1036,-16.5,-5.5,0,0,0
1037,-16.5,-4.5,0,0,0
1038,-16.5,-3.5,0,0,0
1039,-16.5,-2.5,0,0,0
1040,-16.5,-1.5,0,0,0
1041,-16.5,-0.5,0,0,0
1042,-16.5,0.5,0,0,0
1089,-15.5,-12.5,0,0,0
1090,-15.5,-11.5,0,0,0
1091,-15.5,-10.5,0,0,0
1092,-15.5,-9.5,0,0,0
1093,-15.5,-8.5,0,0,0
1094,-15.5,-7.5,0,0,0
1095,-15.5,-6.5,0,0,0
1096,-15.5,-5.5,0,0,0
1097,-15.5,-4.5,0,0,0
1098,-15.5,-3.5,0,0,0
1099,-15.5,-2.5,0,0,0
1100,-15.5,-1.5,0,0,0
1101,-15.5,-0.5,0,0,0
1102,-15.5,0.5,0,0,0
1103,-15.5,1.5,0,0,0
1149,-14.5,-12.5,0,0,0
1150,-14.5,-11.5,0,0,0
1151,-14.5,-10.5,0,0,0
1152,-14.5,-9.5,0,0,0
1153,-14.5,-8.5,0,0,0
1154,-14.5,-7.5,0,0,0
1155,-14.5,-6.5,0,0,0
1156,-14.5,-5.5,0,0,0
1157,-14.5,-4.5,0,0,0
1158,-14.5,-3.5,0,0,0
1159,-14.5,-2.5,0,0,0
1160,-14.5,-1.5,0,0,0
1161,-14.5,-0.5,0,0,0
1162,-14.5,0.5,0,0,0
1163,-14.5,1.5,0,0,0
1208,-13.5,-13.5,0,0,0
1209,-13.5,-12.5,0,0,0
1210,-13.5,-11.5,0,0,0
1211,-13.5,-10.5,0,0,0
1212,-13.5,-9.5,0,0,0
1213,-13.5,-8.5,0,0,0
1214,-13.5,-7.5,0,0,0
1215,-13.5,-6.5,0,0,0
1216,-13.5,-5.5,0,0,0
1217,-13.5,-4.5,0,0,0
1218,-13.5,-3.5,0,0,0
1219,-13.5,-2.5,0,0,0
1220,-13.5,-1.5,0,0,0
1221,-13.5,-0.5,0,0,0
1222,-13.5,0.5,0,0,0
1223,-13.5,1.5,0,0,0
1268,-12.5,-13.5,0,0,0
1269,-12.5,-12.5,0,0,0
1270,-12.5,-11.5,0,0,0
1271,-12.5,-10.5,0,0,0
1272,-12.5,-9.5,0,0,0
1273,-12.5,-8.5,0,0,0
1274,-12.5,-7.5,0,0,0
1275,-12.5,-6.5,0,0,0
1276,-12.5,-5.5,0,0,0
1277,-12.5,-4.5,0,0,0
1278,-12.5,-3.5,0,0,0
1279,-12.5,-2.5,0,0,0
1280,-12.5,-1.5,0,0,0
1281,-12.5,-0.5,0,0,0
1282,-12.5,0.5,0,0,0
1283,-12.5,1.5,0,0,0
1284,-12.5,2.5,0,0,0
1328,-11.5,-13.5,0,0,0
1329,-11.5,-12.5,0,0,0
1330,-11.5,-11.5,0,0,0
1331,-11.5,-10.5,0,0,0
1332,-11.5,-9.5,0,0,0
1333,-11.5,-8.5,0,0,0
1334,-11.5,-7.5,0,0,0
1335,-11.5,-6.5,0,0,0
1336,-11.5,-5.5,0,0,0
1337,-11.5,-4.5,0,0,0
1338,-11.5,-3.5,0,0,0
1339,-11.5,-2.5,0,0,0
1340,-11.5,-1.5,0,0,0
1341,-11.5,-0.5,0,0,0
1342,-11.5,0.5,0,0,0
1343,-11.5,1.5,0,0,0
1344,-11.5,2.5,0,0,0
1388,-10.5,-13.5,0,0,0
1389,-10.5,-12.5,0,0,0
1390,-10.5,-11.5,0,0,0
1391,-10.5,-10.5,0,0,0
1392,-10.5,-9.5,0,0,0
1393,-10.5,-8.5,0,0,0
1394,-10.5,-7.5,0,0,0
1395,-10.5,-6.5,0,0,0
1396,-10.5,-5.5,0,0,0
1397,-10.5,-4.5,0,0,0
1398,-10.5,-3.5,0,0,0
1399,-10.5,-2.5,0,0,0
1400,-10.5,-1.5,0,0,0
1401,-10.5,-0.5,0,0,0
1402,-10.5,0.5,0,0,0
1403,-10.5,1.5,0,0,0
1404,-10.5,2.5,0,0,0
1448,-9.5,-13.5,0,0,0
1449,-9.5,-12.5,0,0,0
1450,-9.5,-11.5,0,0,0
1451,-9.5,-10.5,0,0,0
1452,-9.5,-9.5,0,0,0
1453,-9.5,-8.5,0,0,0
1454,-9.5,-7.5,0,0,0
1455,-9.5,-6.5,0,0,0
1456,-9.5,-5.5,0,0,0
1457,-9.5,-4.5,0,0,0
1458,-9.5,-3.5,0,0,0
1459,-9.5,-2.5,0,0,0
1460,-9.5,-1.5,0,0,0
1461,-9.5,-0.5,0,0,0
1462,-9.5,0.5,0,0,0
1463,-9.5,1.5,0,0,0
1464,-9.5,2.5,0,0,0
1465,-9.5,3.5,0,0,0
1507,-8.5,-14.5,0,0,0
1508,-8.5,-13.5,0,0,0
1509,-8.5,-12.5,0,0,0
1510,-8.5,-11.5,0,0,0
1511,-8.5,-10.5,0,0,0
1512,-8.5,-9.5,0,0,0
1513,-8.5,-8.5,0,0,0
1514,-8.5,-7.5,0,0,0
1515,-8.5,-6.5,0,0,0
1516,-8.5,-5.5,0,0,0
1517,-8.5,-4.5,0,0,0
1518,-8.5,-3.5,0,0,0
1519,-8.5,-2.5,0,0,0
1520,-8.5,-1.5,0,0,0
1521,-8.5,-0.5,0,0,0
1522,-8.5,0.5,0,0,0
1523,-8.5,1.5,0,0,0
1524,-8.5,2.5,0,0,0
1525,-8.5,3.5,0,0,0
1567,-7.5,-14.5,0,0,0
1568,-7.5,-13.5,0,0,0
1569,-7.5,-12.5,0,0,0
1570,-7.5,-11.5,0,0,0
1571,-7.5,-10.5,0,0,0
1572,-7.5,-9.5,0,0,0
1573,-7.5,-8.5,0,0,0
1574,-7.5,-7.5,0,0,0
1575,-7.5,-6.5,0,0,0
1576,-7.5,-5.5,0,0,0
1577,-7.5,-4.5,0,0,0
1578,-7.5,-3.5,0,0,0
1579,-7.5,-2.5,0,0,0
1580,-7.5,-1.5,0,0,0
1581,-7.5,-0.5,0,0,0
1582,-7.5,0.5,0,0,0
1583,-7.5,1.5,0,0,0
1584,-7.5,2.5,0,0,0
1585,-7.5,3.5,0,0,0
1627,-6.5,-14.5,0,0,0
1628,-6.5,-13.5,0,0,0
1629,-6.5,-12.5,0,0,0
1630,-6.5,-11.5,0,0,0
1631,-6.5,-10.5,0,0,0
1632,-6.5,-9.5,0,0,0
1633,-6.5,-8.5,0,0,0
1634,-6.5,-7.5,0,0,0
1635,-6.5,-6.5,0,0,0
1636,-6.5,-5.5,0,0,0
1637,-6.5,-4.5,0,0,0
1638,-6.5,-3.5,0,0,0
1639,-6.5,-2.5,0,0,0
1640,-6.5,-1.5,0,0,0
1641,-6.5,-0.5,0,0,0
1642,-6.5,0.5,0,0,0
1643,-6.5,1.5,0,0,0
1644,-6.5,2.5,0,0,0
1645,-6.5,3.5,0,0,0
1646,-6.5,4.5,0,0,0
1687,-5.5,-14.5,0,0,0
1688,-5.5,-13.5,0,0,0
1689,-5.5,-12.5,0,0,0
1690,-5.5,-11.5,0,0,0
1691,-5.5,-10.5,0,0,0
1692,-5.5,-9.5,0,0,0
1693,-5.5,-8.5,0,0,0
1694,-5.5,-7.5,0,0,0
1695,-5.5,-6.5,0,0,0
1696,-5.5,-5.5,0,0,0
1697,-5.5,-4.5,0,0,0
1698,-5.5,-3.5,0,0,0
1699,-5.5,-2.5,0,0,0
1700,-5.5,-1.5,0,0,0
1701,-5.5,-0.5,0,0,0
1702,-5.5,0.5,0,0,0
1703,-5.5,1.5,0,0,0
1704,-5.5,2.5,0,0,0
1705,-5.5,3.5,0,0,0
1706,-5.5,4.5,0,0,0
1747,-4.5,-14.5,0,0,0
1748,-4.5,-13.5,0,0,0
1749,-4.5,-12.5,0,0,0
1750,-4.5,-11.5,0,0,0
1751,-4.5,-10.5,0,0,0
1752,-4.5,-9.5,0,0,0
1753,-4.5,-8.5,0,0,0
1754,-4.5,-7.5,0,0,0
1755,-4.5,-6.5,0,0,0
1756,-4.5,-5.5,0,0,0
1757,-4.5,-4.5,0,0,0
1758,-4.5,-3.5,0,0,0
1759,-4.5,-2.5,0,0,0
1760,-4.5,-1.5,0,0,0
1761,-4.5,-0.5,0,0,0
1762,-4.5,0.5,0,0,0
1763,-4.5,1.5,0,0,0
1764,-4.5,2.5,0,0,0
1765,-4.5,3.5,0,0,0
1808,-3.5,-13.5,0,0,0
1809,-3.5,-12.5,0,0,0
1810,-3.5,-11.5,0,0,0
1811,-3.5,-10.5,0,0,0
1812,-3.5,-9.5,0,0,0
1813,-3.5,-8.5,0,0,0
1814,-3.5,-7.5,0,0,0
1815,-3.5,-6.5,0,0,0
1816,-3.5,-5.5,0,0,0
1817,-3.5,-4.5,0,0,0
1818,-3.5,-3.5,0,0,0
1819,-3.5,-2.5,0,0,0
1820,-3.5,-1.5,0,0,0
1821,-3.5,-0.5,0,0,0
1822,-3.5,0.5,0,0,0
1823,-3.5,1.5,0,0,0
1824,-3.5,2.5,0,0,0
1870,-2.5,-11.5,0,0,0
1871,-2.5,-10.5,0,0,0
1872,-2.5,-9.5,0,0,0
1873,-2.5,-8.5,0,0,0
1874,-2.5,-7.5,0,0,0
1875,-2.5,-6.5,0,0,0
1876,-2.5,-5.5,0,0,0
1877,-2.5,-4.5,0,0,0
1878,-2.5,-3.5,0,0,0
1879,-2.5,-2.5,0,0,0
1880,-2.5,-1.5,0,0,0
1881,-2.5,-0.5,0,0,0
1882,-2.5,0.5,0,0,0
1883,-2.5,1.5,0,0,0
1931,-1.5,-10.5,0,0,0
1932,-1.5,-9.5,0,0,0
1933,-1.5,-8.5,0,0,0
1934,-1.5,-7.5,0,0,0
1935,-1.5,-6.5,0,0,0
1936,-1.5,-5.5,0,0,0
1937,-1.5,-4.5,0,0,0
1938,-1.5,-3.5,0,0,0
1939,-1.5,-2.5,0,0,0
1940,-1.5,-1.5,0,0,0
1941,-1.5,-0.5,0,0,0
1942,-1.5,0.5,0,0,0
1992,-0.5,-9.5,0,0,0
1993,-0.5,-8.5,0,0,0
1994,-0.5,-7.5,0,0,0
1995,-0.5,-6.5,0,0,0
1996,-0.5,-5.5,0,0,0
1997,-0.5,-4.5,0,0,0
1998,-0.5,-3.5,0,0,0
1999,-0.5,-2.5,0,0,0
2000,-0.5,-1.5,0,0,0
2001,-0.5,-0.5,0,0,0
2053,0.5,-8.5,0,0,0
2054,0.5,-7.5,0,0,0
2055,0.5,-6.5,0,0,0
2056,0.5,-5.5,0,0,0
2057,0.5,-4.5,0,0,0
2058,0.5,-3.5,0,0,0
2059,0.5,-2.5,0,0,0
2115,1.5,-6.5,0,0,0
2116,1.5,-5.5,0,0,0
2117,1.5,-4.5,0,0,0
2176,2.5,-5.5,0,0,0
2177,2.5,-4.5,0,0,0
1238,-13.5,16.5,0,0,0
1239,-13.5,17.5,0,0,0
1240,-13.5,18.5,0,0,0
1241,-13.5,19.5,0,0,0
1242,-13.5,20.5,0,0,0
1243,-13.5,21.5,0,0,0
1244,-13.5,22.5,0,0,0
1245,-13.5,23.5,0,0,0
1246,-13.5,24.5,0,0,0
1247,-13.5,25.5,0,0,0
1248,-13.5,26.5,0,0,0
1249,-13.5,27.5,0,0,0
1250,-13.5,28.5,0,0,0
1251,-13.5,29.5,0,5e-09,0
1298,-12.5,16.5,0,0,0
1299,-12.5,17.5,0,0,0
1300,-12.5,18.5,0,0,0
1301,-12.5,19.5,0,0,0
1302,-12.5,20.5,0,0,0
1303,-12.5,21.5,0,0,0
1304,-12.5,22.5,0,0,0
1305,-12.5,23.5,0,0,0
1306,-12.5,24.5,0,0,0
1307,-12.5,25.5,0,0,0
1308,-12.5,26.5,0,0,0
1309,-12.5,27.5,0,0,0
1310,-12.5,28.5,0,0,0
1311,-12.5,29.5,0,5e-09,0
1357,-11.5,15.5,0,0,0
1358,-11.5,16.5,0,0,0
1359,-11.5,17.5,0,0,0
1360,-11.5,18.5,0,0,0
1361,-11.5,19.5,0,0,0
1362,-11.5,20.5,0,0,0
1363,-11.5,21.5,0,0,0
1364,-11.5,22.5,0,0,0
1365,-11.5,23.5,0,0,0
1366,-11.5,24.5,0,0,0
1367,-11.5,25.5,0,0,0
1368,-11.5,26.5,0,0,0
1369,-11.5,27.5,0,0,0
1370,-11.5,28.5,0,0,0
1371,-11.5,29.5,0,5e-09,0
1416,-10.5,14.5,0,0,0
1417,-10.5,15.5,0,0,0
1418,-10.5,16.5,0,0,0
1419,-10.5,17.5,0,0,0
1420,-10.5,18.5,0,0,0
1421,-10.5,19.5,0,0,0
1422,-10.5,20.5,0,0,0
1423,-10.5,21.5,0,0,0
1424,-10.5,22.5,0,0,0
1425,-10.5,23.5,0,0,0
1426,-10.5,24.5,0,0,0
1427,-10.5,25.5,0,0,0
1428,-10.5,26.5,0,0,0
1429,-10.5,27.5,0,0,0
1430,-10.5,28.5,0,0,0
1431,-10.5,29.5,0,5e-09,0
1475,-9.5,13.5,0,0,0
1476,-9.5,14.5,0,0,0
1477,-9.5,15.5,0,0,0
1478,-9.5,16.5,0,0,0
1479,-9.5,17.5,0,0,0
1480,-9.5,18.5,0,0,0
1481,-9.5,19.5,0,0,0
1482,-9.5,20.5,0,0,0
1483,-9.5,21.5,0,0,0
1484,-9.5,22.5,0,0,0
1485,-9.5,23.5,0,0,0
1486,-9.5,24.5,0,0,0
1487,-9.5,25.5,0,0,0
1488,-9.5,26.5,0,0,0
1489,-9.5,27.5,0,0,0
1490,-9.5,28.5,0,0,0
1491,-9.5,29.5,0,5e-09,0
1535,-8.5,13.5,0,0,0
1536,-8.5,14.5,0,0,0
1537,-8.5,15.5,0,0,0
1538,-8.5,16.5,0,0,0
1539,-8.5,17.5,0,0,0
1540,-8.5,18.5,0,0,0
1541,-8.5,19.5,0,0,0
1542,-8.5,20.5,0,0,0
1543,-8.5,21.5,0,0,0
1544,-8.5,22.5,0,0,0
1545,-8.5,23.5,0,0,0
1546,-8.5,24.5,0,0,0
1547,-8.5,25.5,0,0,0
1548,-8.5,26.5,0,0,0
1549,-8.5,27.5,0,0,0
1550,-8.5,28.5,0,0,0
1551,-8.5,29.5,0,5e-09,0
1594,-7.5,12.5,0,0,0
1595,-7.5,13.5,0,0,0
1596,-7.5,14.5,0,0,0
1597,-7.5,15.5,0,0,0
1598,-7.5,16.5,0,0,0
1599,-7.5,17.5,0,0,0
1600,-7.5,18.5,0,0,0
1601,-7.5,19.5,0,0,0
1602,-7.5,20.5,0,0,0
1603,-7.5,21.5,0,0,0
1604,-7.5,22.5,0,0,0
1605,-7.5,23.5,0,0,0
1606,-7.5,24.5,0,0,0
1607,-7.5,25.5,0,0,0
1608,-7.5,26.5,0,0,0
1609,-7.5,27.5,0,0,0
1610,-7.5,28.5,0,0,0
1611,-7.5,29.5,0,5e-09,0
1653,-6.5,11.5,0,0,0
1654,-6.5,12.5,0,0,0
1655,-6.5,13.5,0,0,0
1656,-6.5,14.5,0,0,0
1657,-6.5,15.5,0,0,0
1658,-6.5,16.5,0,0,0
1659,-6.5,17.5,0,0,0
1660,-6.5,18.5,0,0,0
1661,-6.5,19.5,0,0,0
1662,-6.5,20.5,0,0,0
1663,-6.5,21.5,0,0,0
1664,-6.5,22.5,0,0,0
1665,-6.5,23.5,0,0,0
1666,-6.5,24.5,0,0,0
1667,-6.5,25.5,0,0,0
1668,-6.5,26.5,0,0,0
1669,-6.5,27.5,0,0,0
1670,-6.5,28.5,0,0,0
1671,-6.5,29.5,0,5e-09,0
1712,-5.5,10.5,0,0,0
1713,-5.5,11.5,0,0,0
1714,-5.5,12.5,0,0,0
1715,-5.5,13.5,0,0,0
1716,-5.5,14.5,0,0,0
1717,-5.5,15.5,0,0,0
1718,-5.5,16.5,0,0,0
1719,-5.5,17.5,0,0,0
1720,-5.5,18.5,0,0,0
1721,-5.5,19.5,0,0,0
1722,-5.5,20.5,0,0,0
1723,-5.5,21.5,0,0,0
1724,-5.5,22.5,0,0,0
1725,-5.5,23.5,0,0,0
1726,-5.5,24.5,0,0,0
1727,-5.5,25.5,0,0,0
1728,-5.5,26.5,0,0,0
1729,-5.5,27.5,0,0,0
1730,-5.5,28.5,0,0,0
1731,-5.5,29.5,0,5e-09,0
1772,-4.5,10.5,0,0,0
1773,-4.5,11.5,0,0,0
1774,-4.5,12.5,0,0,0
1775,-4.5,13.5,0,0,0
1776,-4.5,14.5,0,0,0
1777,-4.5,15.5,0,0,0
1778,-4.5,16.5,0,0,0
1779,-4.5,17.5,0,0,0
1780,-4.5,18.5,0,0,0
1781,-4.5,19.5,0,0,0
1782,-4.5,20.5,0,0,0
1783,-4.5,21.5,0,0,0
1784,-4.5,22.5,0,0,0
1785,-4.5,23.5,0,0,0
1786,-4.5,24.5,0,0,0
1787,-4.5,25.5,0,0,0
1788,-4.5,26.5,0,0,0
1789,-4.5,27.5,0,0,0
1790,-4.5,28.5,0,0,0
1791,-4.5,29.5,0,5e-09,0
1833,-3.5,11.5,0,0,0
1834,-3.5,12.5,0,0,0
1835,-3.5,13.5,0,0,0
1836,-3.5,14.5,0,0,0
1837,-3.5,15.5,0,0,0
1838,-3.5,16.5,0,0,0
1839,-3.5,17.5,0,0,0
1840,-3.5,18.5,0,0,0
1841,-3.5,19.5,0,0,0
1842,-3.5,20.5,0,0,0
1843,-3.5,21.5,0,0,0
1844,-3.5,22.5,0,0,0
1845,-3.5,23.5,0,0,0
1846,-3.5,24.5,0,0,0
1847,-3.5,25.5,0,0,0
1848,-3.5,26.5,0,0,0
1849,-3.5,27.5,0,0,0
1850,-3.5,28.5,0,0,0
1851,-3.5,29.5,0,5e-09,0
1893,-2.5,11.5,0,0,0
1894,-2.5,12.5,0,0,0
1895,-2.5,13.5,0,0,0
1896,-2.5,14.5,0,0,0
1897,-2.5,15.5,0,0,0
1898,-2.5,16.5,0,0,0
1899,-2.5,17.5,0,0,0
1900,-2.5,18.5,0,0,0
1901,-2.5,19.5,0,0,0
1902,-2.5,20.5,0,0,0
1903,-2.5,21.5,0,0,0
1904,-2.5,22.5,0,0,0
1905,-2.5,23.5,0,0,0
1906,-2.5,24.5,0,0,0
1907,-2.5,25.5,0,0,0
1908,-2.5,26.5,0,0,0
1909,-2.5,27.5,0,0,0
1910,-2.5,28.5,0,0,0
1911,-2.5,29.5,0,5e-09,0
1954,-1.5,12.5,0,0,0
1955,-1.5,13.5,0,0,0
1956,-1.5,14.5,0,0,0
1957,-1.5,15.5,0,0,0
1958,-1.5,16.5,0,0,0
1959,-1.5,17.5,0,0,0
1960,-1.5,18.5,0,0,0
1961,-1.5,19.5,0,0,0
1962,-1.5,20.5,0,0,0
1963,-1.5,21.5,0,0,0
1964,-1.5,22.5,0,0,0
1965,-1.5,23.5,0,0,0
1966,-1.5,24.5,0,0,0
1967,-1.5,25.5,0,0,0
1968,-1.5,26.5,0,0,0
1969,-1.5,27.5,0,0,0
1970,-1.5,28.5,0,0,0
1971,-1.5,29.5,0,5e-09,0
2014,-0.5,12.5,0,0,0
2015,-0.5,13.5,0,0,0
2016,-0.5,14.5,0,0,0
2017,-0.5,15.5,0,0,0
2018,-0.5,16.5,0,0,0
2019,-0.5,17.5,0,0,0
2020,-0.5,18.5,0,0,0
2021,-0.5,19.5,0,0,0
2022,-0.5,20.5,0,0,0
2023,-0.5,21.5,0,0,0
2024,-0.5,22.5,0,0,0
2025,-0.5,23.5,0,0,0
2026,-0.5,24.5,0,0,0
2027,-0.5,25.5,0,0,0
2028,-0.5,26.5,0,0,0
2029,-0.5,27.5,0,0,0
2030,-0.5,28.5,0,0,0
2031,-0.5,29.5,0,5e-09,0
2075,0.5,13.5,0,0,0
2076,0.5,14.5,0,0,0
2077,0.5,15.5,0,0,0
2078,0.5,16.5,0,0,0
2079,0.5,17.5,0,0,0
2080,0.5,18.5,0,0,0
2081,0.5,19.5,0,0,0
2082,0.5,20.5,0,0,0
2083,0.5,21.5,0,0,0
2084,0.5,22.5,0,0,0
2085,0.5,23.5,0,0,0
2086,0.5,24.5,0,0,0
2087,0.5,25.5,0,0,0
2088,0.5,26.5,0,0,0
2089,0.5,27.5,0,0,0
2090,0.5,28.5,0,0,0
2091,0.5,29.5,0,5e-09,0
2135,1.5,13.5,0,0,0
2136,1.5,14.5,0,0,0
2137,1.5,15.5,0,0,0
2138,1.5,16.5,0,0,0
2139,1.5,17.5,0,0,0
2140,1.5,18.5,0,0,0
2141,1.5,19.5,0,0,0
2142,1.5,20.5,0,0,0
2143,1.5,21.5,0,0,0
2144,1.5,22.5,0,0,0
2145,1.5,23.5,0,0,0
2146,1.5,24.5,0,0,0
2147,1.5,25.5,0,0,0
2148,1.5,26.5,0,0,0
2149,1.5,27.5,0,0,0
2150,1.5,28.5,0,0,0
2151,1.5,29.5,0,5e-09,0
2196,2.5,14.5,0,0,0
2197,2.5,15.5,0,0,0
2198,2.5,16.5,0,0,0
2199,2.5,17.5,0,0,0
2200,2.5,18.5,0,0,0
2201,2.5,19.5,0,0,0
2202,2.5,20.5,0,0,0
2203,2.5,21.5,0,0,0
2204,2.5,22.5,0,0,0
2205,2.5,23.5,0,0,0
2206,2.5,24.5,0,0,0
2207,2.5,25.5,0,0,0
2208,2.5,26.5,0,0,0
2209,2.5,27.5,0,0,0
2210,2.5,28.5,0,0,0
2211,2.5,29.5,0,5e-09,0
2256,3.5,14.5,0,0,0
2257,3.5,15.5,0,0,0
2258,3.5,16.5,0,0,0
2259,3.5,17.5,0,0,0
2260,3.5,18.5,0,0,0
2261,3.5,19.5,0,0,0
2262,3.5,20.5,0,0,0
2263,3.5,21.5,0,0,0
2264,3.5,22.5,0,0,0
2265,3.5,23.5,0,0,0
2266,3.5,24.5,0,0,0
2267,3.5,25.5,0,0,0
2268,3.5,26.5,0,0,0
2269,3.5,27.5,0,0,0
2270,3.5,28.5,0,0,0
2271,3.5,29.5,0,5e-09,0
2317,4.5,15.5,0,0,0
2318,4.5,16.5,0,0,0
2319,4.5,17.5,0,0,0
2320,4.5,18.5,0,0,0
2321,4.5,19.5,0,0,0
2322,4.5,20.5,0,0,0
2323,4.5,21.5,0,0,0
2324,4.5,22.5,0,0,0
2325,4.5,23.5,0,0,0
2326,4.5,24.5,0,0,0
2327,4.5,25.5,0,0,0
2328,4.5,26.5,0,0,0
2329,4.5,27.5,0,0,0
2330,4.5,28.5,0,0,0
2331,4.5,29.5,0,5e-09,0
2377,5.5,15.5,0,0,0
2378,5.5,16.5,0,0,0
2379,5.5,17.5,0,0,0
2380,5.5,18.5,0,0,0
2381,5.5,19.5,0,0,0
2382,5.5,20.5,0,0,0
2383,5.5,21.5,0,0,0
2384,5.5,22.5,0,0,0
2385,5.5,23.5,0,0,0
2386,5.5,24.5,0,0,0
2387,5.5,25.5,0,0,0
2388,5.5,26.5,0,0,0
2389,5.5,27.5,0,0,0
2390,5.5,28.5,0,0,0
2391,5.5,29.5,0,5e-09,0
1744,-4.5,-17.5,0,0,0
1745,-4.5,-16.5,0,0,0
1746,-4.5,-15.5,0,0,0
1797,-3.5,-24.5,0,0,0
1798,-3.5,-23.5,0,0,0
1799,-3.5,-22.5,0,0,0
1800,-3.5,-21.5,0,0,0
1801,-3.5,-20.5,0,0,0
1802,-3.5,-19.5,0,0,0
1803,-3.5,-18.5,0,0,0
1804,-3.5,-17.5,0,0,0
1805,-3.5,-16.5,0,0,0
1806,-3.5,-15.5,0,0,0
1807,-3.5,-14.5,0,0,0
1852,-2.5,-29.5,0,0,0
1853,-2.5,-28.5,0,0,0
1854,-2.5,-27.5,0,0,0
1855,-2.5,-26.5,0,0,0
1856,-2.5,-25.5,0,0,0
1857,-2.5,-24.5,0,0,0
1858,-2.5,-23.5,0,0,0
1859,-2.5,-22.5,0,0,0
1860,-2.5,-21.5,0,0,0
1861,-2.5,-20.5,0,0,0
1862,-2.5,-19.5,0,0,0
1863,-2.5,-18.5,0,0,0
1864,-2.5,-17.5,0,0,0
1865,-2.5,-16.5,0,0,0
1866,-2.5,-15.5,0,0,0
1867,-2.5,-14.5,0,0,0
1868,-2.5,-13.5,0,0,0
1869,-2.5,-12.5,0,0,0
1912,-1.5,-29.5,0,0,0
1913,-1.5,-28.5,0,0,0
1914,-1.5,-27.5,0,0,0
1915,-1.5,-26.5,0,0,0
1916,-1.5,-25.5,0,0,0
1917,-1.5,-24.5,0,0,0
1918,-1.5,-23.5,0,0,0
1919,-1.5,-22.5,0,0,0
1920,-1.5,-21.5,0,0,0
1921,-1.5,-20.5,0,0,0
1922,-1.5,-19.5,0,0,0
1923,-1.5,-18.5,0,0,0
1924,-1.5,-17.5,0,0,0
1925,-1.5,-16.5,0,0,0
1926,-1.5,-15.5,0,0,0
1927,-1.5,-14.5,0,0,0
1928,-1.5,-13.5,0,0,0
1929,-1.5,-12.5,0,0,0
1930,-1.5,-11.5,0,0,0
1972,-0.5,-29.5,0,0,0
1973,-0.5,-28.5,0,0,0
1974,-0.5,-27.5,0,0,0
1975,-0.5,-26.5,0,0,0
1976,-0.5,-25.5,0,0,0
1977,-0.5,-24.5,0,0,0
1978,-0.5,-23.5,0,0,0
1979,-0.5,-22.5,0,0,0
1980,-0.5,-21.5,0,0,0
1981,-0.5,-20.5,0,0,0
1982,-0.5,-19.5,0,0,0
1983,-0.5,-18.5,0,0,0
1984,-0.5,-17.5,0,0,0
1985,-0.5,-16.5,0,0,0
1986,-0.5,-15.5,0,0,0
1987,-0.5,-14.5,0,0,0
1988,-0.5,-13.5,0,0,0
1989,-0.5,-12.5,0,0,0
1990,-0.5,-11.5,0,0,0
1991,-0.5,-10.5,0,0,0
2032,0.5,-29.5,0,0,0
2033,0.5,-28.5,0,0,0
2034,0.5,-27.5,0,0,0
2035,0.5,-26.5,0,0,0
2036,0.5,-25.5,0,0,0
2037,0.5,-24.5,0,0,0
2038,0.5,-23.5,0,0,0
2039,0.5,-22.5,0,0,0
2040,0.5,-21.5,0,0,0
2041,0.5,-20.5,0,0,0
2042,0.5,-19.5,0,0,0
2043,0.5,-18.5,0,0,0
2044,0.5,-17.5,0,0,0
2045,0.5,-16.5,0,0,0
2046,0.5,-15.5,0,0,0
2047,0.5,-14.5,0,0,0
2048,0.5,-13.5,0,0,0
2049,0.5,-12.5,0,0,0
2050,0.5,-11.5,0,0,0
2051,0.5,-10.5,0,0,0
2052,0.5,-9.5,0,0,0
2092,1.5,-29.5,0,0,0
2093,1.5,-28.5,0,0,0
2094,1.5,-27.5,0,0,0
2095,1.5,-26.5,0,0,0
2096,1.5,-25.5,0,0,0
2097,1.5,-24.5,0,0,0
2098,1.5,-23.5,0,0,0
2099,1.5,-22.5,0,0,0
2100,1.5,-21.5,0,0,0
2101,1.5,-20.5,0,0,0
2102,1.5,-19.5,0,0,0
2103,1.5,-18.5,0,0,0
2104,1.5,-17.5,0,0,0
2105,1.5,-16.5,0,0,0
2106,1.5,-15.5,0,0,0
2107,1.5,-14.5,0,0,0
2108,1.5,-13.5,0,0,0
2109,1.5,-12.5,0,0,0
2110,1.5,-11.5,0,0,0
2111,1.5,-10.5,0,0,0
2112,1.5,-9.5,0,0,0
2113,1.5,-8.5,0,0,0
2114,1.5,-7.5,0,0,0
2152,2.5,-29.5,0,0,0
2153,2.5,-28.5,0,0,0
2154,2.5,-27.5,0,0,0
2155,2.5,-26.5,0,0,0
2156,2.5,-25.5,0,0,0
2157,2.5,-24.5,0,0,0
2158,2.5,-23.5,0,0,0
2159,2.5,-22.5,0,0,0
2160,2.5,-21.5,0,0,0
2161,2.5,-20.5,0,0,0
2162,2.5,-19.5,0,0,0
2163,2.5,-18.5,0,0,0
2164,2.5,-17.5,0,0,0
2165,2.5,-16.5,0,0,0
2166,2.5,-15.5,0,0,0
2167,2.5,-14.5,0,0,0
2168,2.5,-13.5,0,0,0
2169,2.5,-12.5,0,0,0
2170,2.5,-11.5,0,0,0
2171,2.5,-10.5,0,0,0
2172,2.5,-9.5,0,0,0
2173,2.5,-8.5,0,0,0
2174,2.5,-7.5,0,0,0
2175,2.5,-6.5,0,0,0
2212,3.5,-29.5,0,0,0
2213,3.5,-28.5,0,0,0
2214,3.5,-27.5,0,0,0
2215,3.5,-26.5,0,0,0
2216,3.5,-25.5,0,0,0
2217,3.5,-24.5,0,0,0
2218,3.5,-23.5,0,0,0
2219,3.5,-22.5,0,0,0
2220,3.5,-21.5,0,0,0
2221,3.5,-20.5,0,0,0
2222,3.5,-19.5,0,0,0
2223,3.5,-18.5,0,0,0
2224,3.5,-17.5,0,0,0
2225,3.5,-16.5,0,0,0
2226,3.5,-15.5,0,0,0
2227,3.5,-14.5,0,0,0
2228,3.5,-13.5,0,0,0
2229,3.5,-12.5,0,0,0
2230,3.5,-11.5,0,0,0
2231,3.5,-10.5,0,0,0
2232,3.5,-9.5,0,0,0
2233,3.5,-8.5,0,0,0
2234,3.5,-7.5,0,0,0
2235,3.5,-6.5,0,0,0
2272,4.5,-29.5,0,0,0
2273,4.5,-28.5,0,0,0
2274,4.5,-27.5,0,0,0
2275,4.5,-26.5,0,0,0
2276,4.5,-25.5,0,0,0
2277,4.5,-24.5,0,0,0
2278,4.5,-23.5,0,0,0
2279,4.5,-22.5,0,0,0
2280,4.5,-21.5,0,0,0
2281,4.5,-20.5,0,0,0
2282,4.5,-19.5,0,0,0
2283,4.5,-18.5,0,0,0
2284,4.5,-17.5,0,0,0
2285,4.5,-16.5,0,0,0
2286,4.5,-15.5,0,0,0
2287,4.5,-14.5,0,0,0
2288,4.5,-13.5,0,0,0
2289,4.5,-12.5,0,0,0
2290,4.5,-11.5,0,0,0
2291,4.5,-10.5,0,0,0
2292,4.5,-9.5,0,0,0
2293,4.5,-8.5,0,0,0
2294,4.5,-7.5,0,0,0
2295,4.5,-6.5,0,0,0
2332,5.5,-29.5,0,0,0
2333,5.5,-28.5,0,0,0
2334,5.5,-27.5,0,0,0
2335,5.5,-26.5,0,0,0
2336,5.5,-25.5,0,0,0
2337,5.5,-24.5,0,0,0
2338,5.5,-23.5,0,0,0
2339,5.5,-22.5,0,0,0
2340,5.5,-21.5,0,0,0
2341,5.5,-20.5,0,0,0
2342,5.5,-19.5,0,0,0
2343,5.5,-18.5,0,0,0
2344,5.5,-17.5,0,0,0
2345,5.5,-16.5,0,0,0
2346,5.5,-15.5,0,0,0
2347,5.5,-14.5,0,0,0
2348,5.5,-13.5,0,0,0
2349,5.5,-12.5,0,0,0
2350,5.5,-11.5,0,0,0
2351,5.5,-10.5,0,0,0
2352,5.5,-9.5,0,0,0
2353,5.5,-8.5,0,0,0
2354,5.5,-7.5,0,0,0
2355,5.5,-6.5,0,0,0
2392,6.5,-29.5,0,0,0
2393,6.5,-28.5,0,0,0
2394,6.5,-27.5,0,0,0
2395,6.5,-26.5,0,0,0
2396,6.5,-25.5,0,0,0
2397,6.5,-24.5,0,0,0
2398,6.5,-23.5,0,0,0
2399,6.5,-22.5,0,0,0
2400,6.5,-21.5,0,0,0
2401,6.5,-20.5,0,0,0
2402,6.5,-19.5,0,0,0
2403,6.5,-18.5,0,0,0
2404,6.5,-17.5,0,0,0
2405,6.5,-16.5,0,0,0
2406,6.5,-15.5,0,0,0
2407,6.5,-14.5,0,0,0
2408,6.5,-13.5,0,0,0
2409,6.5,-12.5,0,0,0
2410,6.5,-11.5,0,0,0
2411,6.5,-10.5,0,0,0
2412,6.5,-9.5,0,0,0
2413,6.5,-8.5,0,0,0
2414,6.5,-7.5,0,0,0
2415,6.5,-6.5,0,0,0
2452,7.5,-29.5,0,0,0
2453,7.5,-28.5,0,0,0
2454,7.5,-27.5,0,0,0
2455,7.5,-26.5,0,0,0
2456,7.5,-25.5,0,0,0
2457,7.5,-24.5,0,0,0
2458,7.5,-23.5,0,0,0
2459,7.5,-22.5,0,0,0
2460,7.5,-21.5,0,0,0
2461,7.5,-20.5,0,0,0
2462,7.5,-19.5,0,0,0
2463,7.5,-18.5,0,0,0
2464,7.5,-17.5,0,0,0
2465,7.5,-16.5,0,0,0
2466,7.5,-15.5,0,0,0
2467,7.5,-14.5,0,0,0
2468,7.5,-13.5,0,0,0
2469,7.5,-12.5,0,0,0
2470,7.5,-11.5,0,0,0
2471,7.5,-10.5,0,0,0
2472,7.5,-9.5,0,0,0
2473,7.5,-8.5,0,0,0
2474,7.5,-7.5,0,0,0
2475,7.5,-6.5,0,0,0
2512,8.5,-29.5,0,0,0
2513,8.5,-28.5,0,0,0
2514,8.5,-27.5,0,0,0
2515,8.5,-26.5,0,0,0
2516,8.5,-25.5,0,0,0
2517,8.5,-24.5,0,0,0
2518,8.5,-23.5,0,0,0
2519,8.5,-22.5,0,0,0
2520,8.5,-21.5,0,0,0
2521,8.5,-20.5,0,0,0
2522,8.5,-19.5,0,0,0
2523,8.5,-18.5,0,0,0
2524,8.5,-17.5,0,0,0
2525,8.5,-16.5,0,0,0
2526,8.5,-15.5,0,0,0
2527,8.5,-14.5,0,0,0
2528,8.5,-13.5,0,0,0
2529,8.5,-12.5,0,0,0
2530,8.5,-11.5,0,0,0
2531,8.5,-10.5,0,0,0
2532,8.5,-9.5,0,0,0
2533,8.5,-8.5,0,0,0
2534,8.5,-7.5,0,0,0
2535,8.5,-6.5,0,0,0
2572,9.5,-29.5,0,0,0
2573,9.5,-28.5,0,0,0
2574,9.5,-27.5,0,0,0
2575,9.5,-26.5,0,0,0
2576,9.5,-25.5,0,0,0
2577,9.5,-24.5,0,0,0
2578,9.5,-23.5,0,0,0
2579,9.5,-22.5,0,0,0
2580,9.5,-21.5,0,0,0
2581,9.5,-20.5,0,0,0
2582,9.5,-19.5,0,0,0
2583,9.5,-18.5,0,0,0
2584,9.5,-17.5,0,0,0
2585,9.5,-16.5,0,0,0
2586,9.5,-15.5,0,0,0
2587,9.5,-14.5,0,0,0
2588,9.5,-13.5,0,0,0
2589,9.5,-12.5,0,0,0
2590,9.5,-11.5,0,0,0
2591,9.5,-10.5,0,0,0
2592,9.5,-9.5,0,0,0
2593,9.5,-8.5,0,0,0
2632,10.5,-29.5,0,0,0
2633,10.5,-28.5,0,0,0
2634,10.5,-27.5,0,0,0
2635,10.5,-26.5,0,0,0
2636,10.5,-25.5,0,0,0
2637,10.5,-24.5,0,0,0
2638,10.5,-23.5,0,0,0
2639,10.5,-22.5,0,0,0
2640,10.5,-21.5,0,0,0
2641,10.5,-20.5,0,0,0
2642,10.5,-19.5,0,0,0
2643,10.5,-18.5,0,0,0
2644,10.5,-17.5,0,0,0
2645,10.5,-16.5,0,0,0
2646,10.5,-15.5,0,0,0
2647,10.5,-14.5,0,0,0
2648,10.5,-13.5,0,0,0
2649,10.5,-12.5,0,0,0
2650,10.5,-11.5,0,0,0
2651,10.5,-10.5,0,0,0
2692,11.5,-29.5,0,0,0
2693,11.5,-28.5,0,0,0
2694,11.5,-27.5,0,0,0
2695,11.5,-26.5,0,0,0
2696,11.5,-25.5,0,0,0
2697,11.5,-24.5,0,0,0
2698,11.5,-23.5,0,0,0
2699,11.5,-22.5,0,0,0
2700,11.5,-21.5,0,0,0
2701,11.5,-20.5,0,0,0
2702,11.5,-19.5,0,0,0
2703,11.5,-18.5,0,0,0
2704,11.5,-17.5,0,0,0
2705,11.5,-16.5,0,0,0
2706,11.5,-15.5,0,0,0
2707,11.5,-14.5,0,0,0
2708,11.5,-13.5,0,0,0
2709,11.5,-12.5,0,0,0
2763,12.5,-18.5,0,0,0
2764,12.5,-17.5,0,0,0
2765,12.5,-16.5,0,0,0
2766,12.5,-15.5,0,0,0
2767,12.5,-14.5,0,0,0
1766,-4.5,4.5,0,0,0
1767,-4.5,5.5,0,0,0
1768,-4.5,6.5,0,0,0
1769,-4.5,7.5,0,0,0
1770,-4.5,8.5,0,0,0
1771,-4.5,9.5,0,0,0
1825,-3.5,3.5,0,0,0
1826,-3.5,4.5,0,0,0
1827,-3.5,5.5,0,0,0
1828,-3.5,6.5,0,0,0
1829,-3.5,7.5,0,0,0
1830,-3.5,8.5,0,0,0
1831,-3.5,9.5,0,0,0
1832,-3.5,10.5,0,0,0
1884,-2.5,2.5,0,0,0
1885,-2.5,3.5,0,0,0
1886,-2.5,4.5,0,0,0
1887,-2.5,5.5,0,0,0
1888,-2.5,6.5,0,0,0
1889,-2.5,7.5,0,0,0
1890,-2.5,8.5,0,0,0
1891,-2.5,9.5,0,0,0
1892,-2.5,10.5,0,0,0
1943,-1.5,1.5,0,0,0
1944,-1.5,2.5,0,0,0
1945,-1.5,3.5,0,0,0
1946,-1.5,4.5,0,0,0
1947,-1.5,5.5,0,0,0
1948,-1.5,6.5,0,0,0
1949,-1.5,7.5,0,0,0
1950,-1.5,8.5,0,0,0
1951,-1.5,9.5,0,0,0
1952,-1.5,10.5,0,0,0
1953,-1.5,11.5,0,0,0
2002,-0.5,0.5,0,0,0
2003,-0.5,1.5,0,0,0
2004,-0.5,2.5,0,0,0
2005,-0.5,3.5,0,0,0
2006,-0.5,4.5,0,0,0
2007,-0.5,5.5,0,0,0
2008,-0.5,6.5,0,0,0
2009,-0.5,7.5,0,0,0
2010,-0.5,8.5,0,0,0
2011,-0.5,9.5,0,0,0
2012,-0.5,10.5,0,0,0
2013,-0.5,11.5,0,0,0
2060,0.5,-1.5,0,0,0
2061,0.5,-0.5,0,0,0
2062,0.5,0.5,0,0,0
2063,0.5,1.5,0,0,0
2064,0.5,2.5,0,0,0
2065,0.5,3.5,0,0,0
2066,0.5,4.5,0,0,0
2067,0.5,5.5,0,0,0
2068,0.5,6.5,0,0,0
2069,0.5,7.5,0,0,0
2070,0.5,8.5,0,0,0
2071,0.5,9.5,0,0,0
2072,0.5,10.5,0,0,0
2073,0.5,11.5,0,0,0
2074,0.5,12.5,0,0,0
2118,1.5,-3.5,0,0,0
2119,1.5,-2.5,0,0,0
2120,1.5,-1.5,0,0,0
2121,1.5,-0.5,0,0,0
2122,1.5,0.5,0,0,0
2123,1.5,1.5,0,0,0
2124,1.5,2.5,0,0,0
2125,1.5,3.5,0,0,0
2126,1.5,4.5,0,0,0
2127,1.5,5.5,0,0,0
2128,1.5,6.5,0,0,0
2129,1.5,7.5,0,0,0
2130,1.5,8.5,0,0,0
2131,1.5,9.5,0,0,0
2132,1.5,10.5,0,0,0
2133,1.5,11.5,0,0,0
2134,1.5,12.5,0,0,0
2178,2.5,-3.5,0,0,0
2179,2.5,-2.5,0,0,0
2180,2.5,-1.5,0,0,0
2181,2.5,-0.5,0,0,0
2182,2.5,0.5,0,0,0
2183,2.5,1.5,0,0,0
2184,2.5,2.5,0,0,0
2185,2.5,3.5,0,0,0
2186,2.5,4.5,0,0,0
2187,2.5,5.5,0,0,0
2188,2.5,6.5,0,0,0
2189,2.5,7.5,0,0,0
2190,2.5,8.5,0,0,0
2191,2.5,9.5,0,0,0
2192,2.5,10.5,0,0,0
2193,2.5,11.5,0,0,0
2194,2.5,12.5,0,0,0
2195,2.5,13.5,0,0,0
2236,3.5,-5.5,0,0,0
2237,3.5,-4.5,0,0,0
2238,3.5,-3.5,0,0,0
2239,3.5,-2.5,0,0,0
2240,3.5,-1.5,0,0,0
2241,3.5,-0.5,0,0,0
2242,3.5,0.5,0,0,0
2243,3.5,1.5,0,0,0
2244,3.5,2.5,0,0,0
2245,3.5,3.5,0,0,0
2246,3.5,4.5,0,0,0
2247,3.5,5.5,0,0,0
2248,3.5,6.5,0,0,0
2249,3.5,7.5,0,0,0
2250,3.5,8.5,0,0,0
2251,3.5,9.5,0,0,0
2252,3.5,10.5,0,0,0
2253,3.5,11.5,0,0,0
2254,3.5,12.5,0,0,0
2255,3.5,13.5,0,0,0
2296,4.5,-5.5,0,0,0
2297,4.5,-4.5,0,0,0
2298,4.5,-3.5,0,0,0
2299,4.5,-2.5,0,0,0
2300,4.5,-1.5,0,0,0
2301,4.5,-0.5,0,0,0
2302,4.5,0.5,0,0,0
2303,4.5,1.5,0,0,0
2304,4.5,2.5,0,0,0
2305,4.5,3.5,0,0,0
2306,4.5,4.5,0,0,0
2307,4.5,5.5,0,0,0
2308,4.5,6.5,0,0,0
2309,4.5,7.5,0,0,0
2310,4.5,8.5,0,0,0
2311,4.5,9.5,0,0,0
2312,4.5,10.5,0,0,0
2313,4.5,11.5,0,0,0
2314,4.5,12.5,0,0,0
2315,4.5,13.5,0,0,0
2316,4.5,14.5,0,0,0
2356,5.5,-5.5,0,0,0
2357,5.5,-4.5,0,0,0
2358,5.5,-3.5,0,0,0
2359,5.5,-2.5,0,0,0
2360,5.5,-1.5,0,0,0
2361,5.5,-0.5,0,0,0
2362,5.5,0.5,0,0,0
2363,5.5,1.5,0,0,0
2364,5.5,2.5,0,0,0
2365,5.5,3.5,0,0,0
2366,5.5,4.5,0,0,0
2367,5.5,5.5,0,0,0
2368,5.5,6.5,0,0,0
2369,5.5,7.5,0,0,0
2370,5.5,8.5,0,0,0
2371,5.5,9.5,0,0,0
2372,5.5,10.5,0,0,0
2373,5.5,11.5,0,0,0
2374,5.5,12.5,0,0,0
2375,5.5,13.5,0,0,0
2376,5.5,14.5,0,0,0
2416,6.5,-5.5,0,0,0
2417,6.5,-4.5,0,0,0
2418,6.5,-3.5,0,0,0
2419,6.5,-2.5,0,0,0
2420,6.5,-1.5,0,0,0
2421,6.5,-0.5,0,0,0
2422,6.5,0.5,0,0,0
2423,6.5,1.5,0,0,0
2424,6.5,2.5,0,0,0
2425,6.5,3.5,0,0,0
2426,6.5,4.5,0,0,0
2427,6.5,5.5,0,0,0
2428,6.5,6.5,0,0,0
2429,6.5,7.5,0,0,0
2430,6.5,8.5,0,0,0
2431,6.5,9.5,0,0,0
2432,6.5,10.5,0,0,0
2433,6.5,11.5,0,0,0
2434,6.5,12.5,0,0,0
2435,6.5,13.5,0,0,0
2436,6.5,14.5,0,0,0
2476,7.5,-5.5,0,0,0
2477,7.5,-4.5,0,0,0
2478,7.5,-3.5,0,0,0
2479,7.5,-2.5,0,0,0
2480,7.5,-1.5,0,0,0
2481,7.5,-0.5,0,0,0
2482,7.5,0.5,0,0,0
2483,7.5,1.5,0,0,0
2484,7.5,2.5,0,0,0
2485,7.5,3.5,0,0,0
2486,7.5,4.5,0,0,0
2487,7.5,5.5,0,0,0
2488,7.5,6.5,0,0,0
2489,7.5,7.5,0,0,0
2490,7.5,8.5,0,0,0
2491,7.5,9.5,0,0,0
2492,7.5,10.5,0,0,0
2493,7.5,11.5,0,0,0
2494,7.5,12.5,0,0,0
2495,7.5,13.5,0,0,0
2536,8.5,-5.5,0,0,0
2537,8.5,-4.5,0,0,0
2538,8.5,-3.5,0,0,0
2539,8.5,-2.5,0,0,0
2540,8.5,-1.5,0,0,0
2541,8.5,-0.5,0,0,0
2542,8.5,0.5,0,0,0
2543,8.5,1.5,0,0,0
2544,8.5,2.5,0,0,0
2545,8.5,3.5,0,0,0
2546,8.5,4.5,0,0,0
2547,8.5,5.5,0,0,0
2548,8.5,6.5,0,0,0
2549,8.5,7.5,0,0,0
2550,8.5,8.5,0,0,0
2551,8.5,9.5,0,0,0
2552,8.5,10.5,0,0,0
2553,8.5,11.5,0,0,0
2554,8.5,12.5,0,0,0
2555,8.5,13.5,0,0,0
2597,9.5,-4.5,0,0,0
2598,9.5,-3.5,0,0,0
2599,9.5,-2.5,0,0,0
2600,9.5,-1.5,0,0,0
2601,9.5,-0.5,0,0,0
2602,9.5,0.5,0,0,0
2603,9.5,1.5,0,0,0
2604,9.5,2.5,0,0,0
2605,9.5,3.5,0,0,0
2606,9.5,4.5,0,0,0
2607,9.5,5.5,0,0,0
2608,9.5,6.5,0,0,0
2609,9.5,7.5,0,0,0
2610,9.5,8.5,0,0,0
2611,9.5,9.5,0,0,0
2612,9.5,10.5,0,0,0
2613,9.5,11.5,0,0,0
2614,9.5,12.5,0,0,0
2658,10.5,-3.5,0,0,0
2659,10.5,-2.5,0,0,0
2660,10.5,-1.5,0,0,0
2661,10.5,-0.5,0,0,0
2662,10.5,0.5,0,0,0
2663,10.5,1.5,0,0,0
2664,10.5,2.5,0,0,0
2665,10.5,3.5,0,0,0
2666,10.5,4.5,0,0,0
2667,10.5,5.5,0,0,0
2668,10.5,6.5,0,0,0
2669,10.5,7.5,0,0,0
2670,10.5,8.5,0,0,0
2671,10.5,9.5,0,0,0
2672,10.5,10.5,0,0,0
2673,10.5,11.5,0,0,0
2674,10.5,12.5,0,0,0
2718,11.5,-3.5,0,0,0
2719,11.5,-2.5,0,0,0
2720,11.5,-1.5,0,0,0
2721,11.5,-0.5,0,0,0
2722,11.5,0.5,0,0,0
2723,11.5,1.5,0,0,0
2724,11.5,2.5,0,0,0
2725,11.5,3.5,0,0,0
2726,11.5,4.5,0,0,0
2727,11.5,5.5,0,0,0
2728,11.5,6.5,0,0,0
2729,11.5,7.5,0,0,0
2730,11.5,8.5,0,0,0
2731,11.5,9.5,0,0,0
2732,11.5,10.5,0,0,0
2733,11.5,11.5,0,0,0
2779,12.5,-2.5,0,0,0
2780,12.5,-1.5,0,0,0
2781,12.5,-0.5,0,0,0
2782,12.5,0.5,0,0,0
2783,12.5,1.5,0,0,0
2784,12.5,2.5,0,0,0
2785,12.5,3.5,0,0,0
2786,12.5,4.5,0,0,0
2787,12.5,5.5,0,0,0
2788,12.5,6.5,0,0,0
2789,12.5,7.5,0,0,0
2790,12.5,8.5,0,0,0
2791,12.5,9.5,0,0,0
2792,12.5,10.5,0,0,0
2793,12.5,11.5,0,0,0
2839,13.5,-2.5,0,0,0
2840,13.5,-1.5,0,0,0
2841,13.5,-0.5,0,0,0
2842,13.5,0.5,0,0,0
2843,13.5,1.5,0,0,0
2844,13.5,2.5,0,0,0
2845,13.5,3.5,0,0,0
2846,13.5,4.5,0,0,0
2847,13.5,5.5,0,0,0
2848,13.5,6.5,0,0,0
2849,13.5,7.5,0,0,0
2850,13.5,8.5,0,0,0
2851,13.5,9.5,0,0,0
2852,13.5,10.5,0,0,0
2900,14.5,-1.5,0,0,0
2901,14.5,-0.5,0,0,0
2902,14.5,0.5,0,0,0
2903,14.5,1.5,0,0,0
2904,14.5,2.5,0,0,0
2905,14.5,3.5,0,0,0
2906,14.5,4.5,0,0,0
2907,14.5,5.5,0,0,0
2908,14.5,6.5,0,0,0
2909,14.5,7.5,0,0,0
2910,14.5,8.5,0,0,0
2911,14.5,9.5,0,0,0
2912,14.5,10.5,0,0,0
2960,15.5,-1.5,0,0,0
2961,15.5,-0.5,0,0,0
2962,15.5,0.5,0,0,0
2963,15.5,1.5,0,0,0
2964,15.5,2.5,0,0,0
2965,15.5,3.5,0,0,0
2966,15.5,4.5,0,0,0
2967,15.5,5.5,0,0,0
2968,15.5,6.5,0,0,0
2969,15.5,7.5,0,0,0
2970,15.5,8.5,0,0,0
2971,15.5,9.5,0,0,0
3021,16.5,-0.5,0,0,0
3022,16.5,0.5,0,0,0
3023,16.5,1.5,0,0,0
3024,16.5,2.5,0,0,0
3025,16.5,3.5,0,0,0
3026,16.5,4.5,0,0,0
3027,16.5,5.5,0,0,0
3028,16.5,6.5,0,0,0
3029,16.5,7.5,0,0,0
3030,16.5,8.5,0,0,0
3081,17.5,-0.5,0,0,0
3082,17.5,0.5,0,0,0
3083,17.5,1.5,0,0,0
3084,17.5,2.5,0,0,0
3085,17.5,3.5,0,0,0
3086,17.5,4.5,0,0,0
3087,17.5,5.5,0,0,0
3088,17.5,6.5,0,0,0
3089,17.5,7.5,0,0,0
3091,17.5,9.5,0,0,0
3140,18.5,2.5,0,0,0
3141,18.5,3.5,0,0,0
3142,18.5,4.5,0,0,0
3143,18.5,5.5,0,0,0
2437,6.5,15.5,0,0,0
2438,6.5,16.5,0,0,0
2439,6.5,17.5,0,0,0
2440,6.5,18.5,0,0,0
2441,6.5,19.5,0,0,0
2442,6.5,20.5,0,0,0
2443,6.5,21.5,0,0,0
2444,6.5,22.5,0,0,0
2445,6.5,23.5,0,0,0
2446,6.5,24.5,0,0,0
2447,6.5,25.5,0,0,0
2448,6.5,26.5,0,0,0
2449,6.5,27.5,0,0,0
2450,6.5,28.5,0,0,0
2451,6.5,29.5,0,5e-09,0
2496,7.5,14.5,0,0,0
2497,7.5,15.5,0,0,0
2498,7.5,16.5,0,0,0
2499,7.5,17.5,0,0,0
2500,7.5,18.5,0,0,0
2501,7.5,19.5,0,0,0
2502,7.5,20.5,0,0,0
2503,7.5,21.5,0,0,0
2504,7.5,22.5,0,0,0
2505,7.5,23.5,0,0,0
2506,7.5,24.5,0,0,0
2507,7.5,25.5,0,0,0
2508,7.5,26.5,0,0,0
2509,7.5,27.5,0,0,0
2510,7.5,28.5,0,0,0
2511,7.5,29.5,0,5e-09,0
2556,8.5,14.5,0,0,0
2557,8.5,15.5,0,0,0
2558,8.5,16.5,0,0,0
2559,8.5,17.5,0,0,0
2560,8.5,18.5,0,0,0
2561,8.5,19.5,0,0,0
2562,8.5,20.5,0,0,0
2563,8.5,21.5,0,0,0
2564,8.5,22.5,0,0,0
2565,8.5,23.5,0,0,0
2566,8.5,24.5,0,0,0
2567,8.5,25.5,0,0,0
2568,8.5,26.5,0,0,0
2569,8.5,27.5,0,0,0
2570,8.5,28.5,0,0,0
2571,8.5,29.5,0,5e-09,0
2615,9.5,13.5,0,0,0
2616,9.5,14.5,0,0,0
2617,9.5,15.5,0,0,0
2618,9.5,16.5,0,0,0
2619,9.5,17.5,0,0,0
2620,9.5,18.5,0,0,0
2621,9.5,19.5,0,0,0
2622,9.5,20.5,0,0,0
2623,9.5,21.5,0,0,0
2624,9.5,22.5,0,0,0
2625,9.5,23.5,0,0,0
2626,9.5,24.5,0,0,0
2627,9.5,25.5,0,0,0
2628,9.5,26.5,0,0,0
2629,9.5,27.5,0,0,0
2630,9.5,28.5,0,0,0
2631,9.5,29.5,0,5e-09,0
2675,10.5,13.5,0,0,0
2676,10.5,14.5,0,0,0
2677,10.5,15.5,0,0,0
2678,10.5,16.5,0,0,0
2679,10.5,17.5,0,0,0
2680,10.5,18.5,0,0,0
2681,10.5,19.5,0,0,0
2682,10.5,20.5,0,0,0
2683,10.5,21.5,0,0,0
2684,10.5,22.5,0,0,0
2685,10.5,23.5,0,0,0
2686,10.5,24.5,0,0,0
2687,10.5,25.5,0,0,0
2688,10.5,26.5,0,0,0
2689,10.5,27.5,0,0,0
2690,10.5,28.5,0,0,0
2691,10.5,29.5,0,5e-09,0
2734,11.5,12.5,0,0,0
2735,11.5,13.5,0,0,0
2736,11.5,14.5,0,0,0
2737,11.5,15.5,0,0,0
2738,11.5,16.5,0,0,0
2739,11.5,17.5,0,0,0
2740,11.5,18.5,0,0,0
2741,11.5,19.5,0,0,0
2742,11.5,20.5,0,0,0
2743,11.5,21.5,0,0,0
2744,11.5,22.5,0,0,0
2745,11.5,23.5,0,0,0
2746,11.5,24.5,0,0,0
2747,11.5,25.5,0,0,0
2748,11.5,26.5,0,0,0
2749,11.5,27.5,0,0,0
2750,11.5,28.5,0,0,0
2751,11.5,29.5,0,5e-09,0
2794,12.5,12.5,0,0,0
2795,12.5,13.5,0,0,0
2796,12.5,14.5,0,0,0
2797,12.5,15.5,0,0,0
2798,12.5,16.5,0,0,0
2799,12.5,17.5,0,0,0
2800,12.5,18.5,0,0,0
2801,12.5,19.5,0,0,0
2802,12.5,20.5,0,0,0
2803,12.5,21.5,0,0,0
2804,12.5,22.5,0,0,0
2805,12.5,23.5,0,0,0
2806,12.5,24.5,0,0,0
2807,12.5,25.5,0,0,0
2808,12.5,26.5,0,0,0
2809,12.5,27.5,0,0,0
2810,12.5,28.5,0,0,0
2811,12.5,29.5,0,5e-09,0
2853,13.5,11.5,0,0,0
2854,13.5,12.5,0,0,0
2855,13.5,13.5,0,0,0
2856,13.5,14.5,0,0,0
2857,13.5,15.5,0,0,0
2858,13.5,16.5,0,0,0
2859,13.5,17.5,0,0,0
2860,13.5,18.5,0,0,0
2861,13.5,19.5,0,0,0
2862,13.5,20.5,0,0,0
2863,13.5,21.5,0,0,0
2864,13.5,22.5,0,0,0
2865,13.5,23.5,0,0,0
2866,13.5,24.5,0,0,0
2867,13.5,25.5,0,0,0
2868,13.5,26.5,0,0,0
2869,13.5,27.5,0,0,0
2870,13.5,28.5,0,0,0
2871,13.5,29.5,0,5e-09,0
2913,14.5,11.5,0,0,0
2914,14.5,12.5,0,0,0
2915,14.5,13.5,0,0,0
2916,14.5,14.5,0,0,0
2917,14.5,15.5,0,0,0
2918,14.5,16.5,0,0,0
2919,14.5,17.5,0,0,0
2920,14.5,18.5,0,0,0
2921,14.5,19.5,0,0,0
2922,14.5,20.5,0,0,0
2923,14.5,21.5,0,0,0
2924,14.5,22.5,0,0,0
2925,14.5,23.5,0,0,0
2926,14.5,24.5,0,0,0
2927,14.5,25.5,0,0,0
2928,14.5,26.5,0,0,0
2929,14.5,27.5,0,0,0
2930,14.5,28.5,0,0,0
2931,14.5,29.5,0,5e-09,0
2972,15.5,10.5,0,0,0
2973,15.5,11.5,0,0,0
2974,15.5,12.5,0,0,0
2975,15.5,13.5,0,0,0
2976,15.5,14.5,0,0,0
2977,15.5,15.5,0,0,0
2978,15.5,16.5,0,0,0
2979,15.5,17.5,0,0,0
2980,15.5,18.5,0,0,0
2981,15.5,19.5,0,0,0
2982,15.5,20.5,0,0,0
2983,15.5,21.5,0,0,0
2984,15.5,22.5,0,0,0
2985,15.5,23.5,0,0,0
2986,15.5,24.5,0,0,0
2987,15.5,25.5,0,0,0
2988,15.5,26.5,0,0,0
2989,15.5,27.5,0,0,0
2990,15.5,28.5,0,0,0
2991,15.5,29.5,0,5e-09,0
3031,16.5,9.5,0,0,0
3032,16.5,10.5,0,0,0
3033,16.5,11.5,0,0,0
3034,16.5,12.5,0,0,0
3035,16.5,13.5,0,0,0
3036,16.5,14.5,0,0,0
3037,16.5,15.5,0,0,0
3038,16.5,16.5,0,0,0
3039,16.5,17.5,0,0,0
3040,16.5,18.5,0,0,0
3041,16.5,19.5,0,0,0
3042,16.5,20.5,0,0,0
3043,16.5,21.5,0,0,0
3044,16.5,22.5,0,0,0
3045,16.5,23.5,0,0,0
3046,16.5,24.5,0,0,0
3047,16.5,25.5,0,0,0
3048,16.5,26.5,0,0,0
3049,16.5,27.5,0,0,0
3050,16.5,28.5,0,0,0
3051,16.5,29.5,0,5e-09,0
3092,17.5,10.5,0,0,0
3093,17.5,11.5,0,0,0
3094,17.5,12.5,0,0,0
3095,17.5,13.5,0,0,0
3096,17.5,14.5,0,0,0
3097,17.5,15.5,0,0,0
3098,17.5,16.5,0,0,0
3099,17.5,17.5,0,0,0
3100,17.5,18.5,0,0,0
3101,17.5,19.5,0,0,0
3102,17.5,20.5,0,0,0
3103,17.5,21.5,0,0,0
3104,17.5,22.5,0,0,0
3105,17.5,23.5,0,0,0
3106,17.5,24.5,0,0,0
3107,17.5,25.5,0,0,0
3108,17.5,26.5,0,0,0
3109,17.5,27.5,0,0,0
3110,17.5,28.5,0,0,0
3111,17.5,29.5,0,5e-09,0
3148,18.5,10.5,0,0,0
3149,18.5,11.5,0,0,0
3150,18.5,12.5,0,0,0
3151,18.5,13.5,0,0,0
3152,18.5,14.5,0,0,0
3153,18.5,15.5,0,0,0
3154,18.5,16.5,0,0,0
3155,18.5,17.5,0,0,0
3156,18.5,18.5,0,0,0
3157,18.5,19.5,0,0,0
3158,18.5,20.5,0,0,0
3159,18.5,21.5,0,0,0
3160,18.5,22.5,0,0,0
3161,18.5,23.5,0,0,0
3162,18.5,24.5,0,0,0
3163,18.5,25.5,0,0,0
3164,18.5,26.5,0,0,0
3165,18.5,27.5,0,0,0
3166,18.5,28.5,0,0,0
3167,18.5,29.5,0,5e-09,0
3206,19.5,12.5,0,0,0
3207,19.5,13.5,0,0,0
3208,19.5,14.5,0,0,0
3209,19.5,15.5,0,0,0
3210,19.5,16.5,0,0,0
3211,19.5,17.5,0,0,0
3212,19.5,18.5,0,0,0
3213,19.5,19.5,0,0,0
3214,19.5,20.5,0,0,0
3215,19.5,21.5,0,0,0
3216,19.5,22.5,0,0,0
3217,19.5,23.5,0,0,0
3218,19.5,24.5,0,0,0
3219,19.5,25.5,0,0,0
3220,19.5,26.5,0,0,0
3221,19.5,27.5,0,0,0
3222,19.5,28.5,0,0,0
3223,19.5,29.5,0,5e-09,0
3263,20.5,13.5,0,0,0
3264,20.5,14.5,0,0,0
3265,20.5,15.5,0,0,0
3266,20.5,16.5,0,0,0
3267,20.5,17.5,0,0,0
3268,20.5,18.5,0,0,0
3269,20.5,19.5,0,0,0
3270,20.5,20.5,0,0,0
3271,20.5,21.5,0,0,0
3272,20.5,22.5,0,0,0
3273,20.5,23.5,0,0,0
3274,20.5,24.5,0,0,0
3275,20.5,25.5,0,0,0
3276,20.5,26.5,0,0,0
3277,20.5,27.5,0,0,0
3278,20.5,28.5,0,0,0
3279,20.5,29.5,0,5e-09,0
3320,21.5,14.5,0,0,0
3321,21.5,15.5,0,0,0
3322,21.5,16.5,0,0,0
3323,21.5,17.5,0,0,0
3324,21.5,18.5,0,0,0
3325,21.5,19.5,0,0,0
3326,21.5,20.5,0,0,0
3327,21.5,21.5,0,0,0
3328,21.5,22.5,0,0,0
3329,21.5,23.5,0,0,0
3330,21.5,24.5,0,0,0
3331,21.5,25.5,0,0,0
3332,21.5,26.5,0,0,0
3333,21.5,27.5,0,0,0
3334,21.5,28.5,0,0,0
3335,21.5,29.5,0,5e-09,0
3378,22.5,16.5,0,0,0
3379,22.5,17.5,0,0,0
3380,22.5,18.5,0,0,0
3381,22.5,19.5,0,0,0
3382,22.5,20.5,0,0,0
3383,22.5,21.5,0,0,0
3384,22.5,22.5,0,0,0
3385,22.5,23.5,0,0,0
3386,22.5,24.5,0,0,0
3387,22.5,25.5,0,0,0
3388,22.5,26.5,0,0,0
3389,22.5,27.5,0,0,0
3390,22.5,28.5,0,0,0
3391,22.5,29.5,0,5e-09,0
3435,23.5,17.5,0,0,0
3436,23.5,18.5,0,0,0
3437,23.5,19.5,0,0,0
3438,23.5,20.5,0,0,0
3439,23.5,21.5,0,0,0
3440,23.5,22.5,0,0,0
3441,23.5,23.5,0,0,0
3442,23.5,24.5,0,0,0
3443,23.5,25.5,0,0,0
3444,23.5,26.5,0,0,0
3445,23.5,27.5,0,0,0
3446,23.5,28.5,0,0,0
3447,23.5,29.5,0,5e-09,0
3493,24.5,19.5,0,0,0
3494,24.5,20.5,0,0,0
3495,24.5,21.5,0,0,0
3496,24.5,22.5,0,0,0
3497,24.5,23.5,0,0,0
3498,24.5,24.5,0,0,0
3499,24.5,25.5,0,0,0
3500,24.5,26.5,0,0,0
3501,24.5,27.5,0,0,0
3502,24.5,28.5,0,0,0
3503,24.5,29.5,0,5e-09,0
3551,25.5,21.5,0,0,0
3552,25.5,22.5,0,0,0
3553,25.5,23.5,0,0,0
3554,25.5,24.5,0,0,0
3555,25.5,25.5,0,0,0
3556,25.5,26.5,0,0,0
3557,25.5,27.5,0,0,0
3558,25.5,28.5,0,0,0
3559,25.5,29.5,0,5e-09,0
3610,26.5,24.5,0,0,0
3611,26.5,25.5,0,0,0
3612,26.5,26.5,0,0,0
3613,26.5,27.5,0,0,0
3614,26.5,28.5,0,0,0
3615,26.5,29.5,0,5e-09,0
3671,27.5,29.5,0,5e-09,0
2594,9.5,-7.5,0,0,0
2595,9.5,-6.5,0,0,0
2596,9.5,-5.5,0,0,0
2652,10.5,-9.5,0,0,0
2653,10.5,-8.5,0,0,0
2654,10.5,-7.5,0,0,0
2655,10.5,-6.5,0,0,0
2656,10.5,-5.5,0,0,0
2657,10.5,-4.5,0,0,0
2710,11.5,-11.5,0,0,0
2711,11.5,-10.5,0,0,0
2712,11.5,-9.5,0,0,0
2713,11.5,-8.5,0,0,0
2714,11.5,-7.5,0,0,0
2715,11.5,-6.5,0,0,0
2716,11.5,-5.5,0,0,0
2717,11.5,-4.5,0,0,0
2768,12.5,-13.5,0,0,0
2769,12.5,-12.5,0,0,0
2770,12.5,-11.5,0,0,0
2771,12.5,-10.5,0,0,0
2772,12.5,-9.5,0,0,0
2773,12.5,-8.5,0,0,0
2774,12.5,-7.5,0,0,0
2775,12.5,-6.5,0,0,0
2776,12.5,-5.5,0,0,0
2777,12.5,-4.5,0,0,0
2778,12.5,-3.5,0,0,0
2826,13.5,-15.5,0,0,0
2827,13.5,-14.5,0,0,0
2828,13.5,-13.5,0,0,0
2829,13.5,-12.5,0,0,0
2830,13.5,-11.5,0,0,0
2831,13.5,-10.5,0,0,0
2832,13.5,-9.5,0,0,0
2833,13.5,-8.5,0,0,0
2834,13.5,-7.5,0,0,0
2835,13.5,-6.5,0,0,0
2836,13.5,-5.5,0,0,0
2837,13.5,-4.5,0,0,0
2838,13.5,-3.5,0,0,0
2886,14.5,-15.5,0,0,0
2887,14.5,-14.5,0,0,0
2888,14.5,-13.5,0,0,0
2889,14.5,-12.5,0,0,0
2890,14.5,-11.5,0,0,0
2891,14.5,-10.5,0,0,0
2892,14.5,-9.5,0,0,0
2893,14.5,-8.5,0,0,0
2894,14.5,-7.5,0,0,0
2895,14.5,-6.5,0,0,0
2896,14.5,-5.5,0,0,0
2897,14.5,-4.5,0,0,0
2898,14.5,-3.5,0,0,0
2899,14.5,-2.5,0,0,0
2946,15.5,-15.5,0,0,0
2947,15.5,-14.5,0,0,0
2948,15.5,-13.5,0,0,0
2949,15.5,-12.5,0,0,0
2950,15.5,-11.5,0,0,0
2951,15.5,-10.5,0,0,0
2952,15.5,-9.5,0,0,0
2953,15.5,-8.5,0,0,0
2954,15.5,-7.5,0,0,0
2955,15.5,-6.5,0,0,0
2956,15.5,-5.5,0,0,0
2957,15.5,-4.5,0,0,0
2958,15.5,-3.5,0,0,0
2959,15.5,-2.5,0,0,0
3006,16.5,-15.5,0,0,0
3007,16.5,-14.5,0,0,0
3008,16.5,-13.5,0,0,0
3009,16.5,-12.5,0,0,0
3010,16.5,-11.5,0,0,0
3011,16.5,-10.5,0,0,0
3012,16.5,-9.5,0,0,0
3013,16.5,-8.5,0,0,0
3014,16.5,-7.5,0,0,0
3015,16.5,-6.5,0,0,0
3016,16.5,-5.5,0,0,0
3017,16.5,-4.5,0,0,0
3018,16.5,-3.5,0,0,0
3019,16.5,-2.5,0,0,0
3020,16.5,-1.5,0,0,0
3066,17.5,-15.5,0,0,0
3067,17.5,-14.5,0,0,0
3068,17.5,-13.5,0,0,0
3069,17.5,-12.5,0,0,0
3070,17.5,-11.5,0,0,0
3071,17.5,-10.5,0,0,0
3072,17.5,-9.5,0,0,0
3073,17.5,-8.5,0,0,0
3074,17.5,-7.5,0,0,0
3075,17.5,-6.5,0,0,0
3076,17.5,-5.5,0,0,0
3077,17.5,-4.5,0,0,0
3078,17.5,-3.5,0,0,0
3079,17.5,-2.5,0,0,0
3080,17.5,-1.5,0,0,0
3126,18.5,-15.5,0,0,0
3127,18.5,-14.5,0,0,0
3128,18.5,-13.5,0,0,0
3129,18.5,-12.5,0,0,0
3130,18.5,-11.5,0,0,0
3131,18.5,-10.5,0,0,0
3132,18.5,-9.5,0,0,0
3133,18.5,-8.5,0,0,0
3134,18.5,-7.5,0,0,0
3135,18.5,-6.5,0,0,0
3136,18.5,-5.5,0,0,0
3137,18.5,-4.5,0,0,0
3138,18.5,-3.5,0,0,0
3139,18.5,-2.5,0,0,0
3182,19.5,-15.5,0,0,0
3183,19.5,-14.5,0,0,0
3184,19.5,-13.5,0,0,0
3185,19.5,-12.5,0,0,0
3186,19.5,-11.5,0,0,0
3187,19.5,-10.5,0,0,0
3188,19.5,-9.5,0,0,0
3189,19.5,-8.5,0,0,0
3190,19.5,-7.5,0,0,0
3191,19.5,-6.5,0,0,0
3192,19.5,-5.5,0,0,0
3193,19.5,-4.5,0,0,0
3194,19.5,-3.5,0,0,0
3195,19.5,-2.5,0,0,0
3238,20.5,-15.5,0,0,0
3239,20.5,-14.5,0,0,0
3240,20.5,-13.5,0,0,0
3241,20.5,-12.5,0,0,0
3242,20.5,-11.5,0,0,0
3243,20.5,-10.5,0,0,0
3244,20.5,-9.5,0,0,0
3245,20.5,-8.5,0,0,0
3246,20.5,-7.5,0,0,0
3247,20.5,-6.5,0,0,0
3248,20.5,-5.5,0,0,0
3249,20.5,-4.5,0,0,0
3250,20.5,-3.5,0,0,0
3251,20.5,-2.5,0,0,0
3294,21.5,-15.5,0,0,0
3295,21.5,-14.5,0,0,0
3296,21.5,-13.5,0,0,0
3297,21.5,-12.5,0,0,0
3298,21.5,-11.5,0,0,0
3299,21.5,-10.5,0,0,0
3300,21.5,-9.5,0,0,0
3301,21.5,-8.5,0,0,0
3302,21.5,-7.5,0,0,0
3303,21.5,-6.5,0,0,0
3304,21.5,-5.5,0,0,0
3305,21.5,-4.5,0,0,0
3306,21.5,-3.5,0,0,0
3307,21.5,-2.5,0,0,0
3350,22.5,-15.5,0,0,0
3351,22.5,-14.5,0,0,0
3352,22.5,-13.5,0,0,0
3353,22.5,-12.5,0,0,0
3354,22.5,-11.5,0,0,0
3355,22.5,-10.5,0,0,0
3356,22.5,-9.5,0,0,0
3357,22.5,-8.5,0,0,0
3358,22.5,-7.5,0,0,0
3359,22.5,-6.5,0,0,0
3360,22.5,-5.5,0,0,0
3361,22.5,-4.5,0,0,0
3362,22.5,-3.5,0,0,0
3363,22.5,-2.5,0,0,0
3406,23.5,-15.5,0,0,0
3407,23.5,-14.5,0,0,0
3408,23.5,-13.5,0,0,0
3409,23.5,-12.5,0,0,0
3410,23.5,-11.5,0,0,0
3411,23.5,-10.5,0,0,0
3412,23.5,-9.5,0,0,0
3413,23.5,-8.5,0,0,0
3414,23.5,-7.5,0,0,0
3415,23.5,-6.5,0,0,0
3416,23.5,-5.5,0,0,0
3417,23.5,-4.5,0,0,0
3418,23.5,-3.5,0,0,0
3419,23.5,-2.5,0,0,0
3462,24.5,-15.5,0,0,0
3463,24.5,-14.5,0,0,0
3464,24.5,-13.5,0,0,0
3465,24.5,-12.5,0,0,0
3466,24.5,-11.5,0,0,0
3467,24.5,-10.5,0,0,0
3468,24.5,-9.5,0,0,0
3469,24.5,-8.5,0,0,0
3470,24.5,-7.5,0,0,0
3471,24.5,-6.5,0,0,0
3472,24.5,-5.5,0,0,0
3473,24.5,-4.5,0,0,0
3474,24.5,-3.5,0,0,0
3475,24.5,-2.5,0,0,0
3518,25.5,-15.5,0,0,0
3519,25.5,-14.5,0,0,0
3520,25.5,-13.5,0,0,0
3521,25.5,-12.5,0,0,0
3522,25.5,-11.5,0,0,0
3523,25.5,-10.5,0,0,0
3524,25.5,-9.5,0,0,0
3525,25.5,-8.5,0,0,0
3526,25.5,-7.5,0,0,0
3527,25.5,-6.5,0,0,0
3528,25.5,-5.5,0,0,0
3529,25.5,-4.5,0,0,0
3530,25.5,-3.5,0,0,0
3531,25.5,-2.5,0,0,0
3575,26.5,-14.5,0,0,0
3576,26.5,-13.5,0,0,0
3577,26.5,-12.5,0,0,0
3578,26.5,-11.5,0,0,0
3579,26.5,-10.5,0,0,0
3580,26.5,-9.5,0,0,0
3581,26.5,-8.5,0,0,0
3582,26.5,-7.5,0,0,0
3583,26.5,-6.5,0,0,0
3584,26.5,-5.5,0,0,0
3585,26.5,-4.5,0,0,0
3586,26.5,-3.5,0,0,0
3587,26.5,-2.5,0,0,0
3631,27.5,-14.5,0,0,0
3632,27.5,-13.5,0,0,0
3633,27.5,-12.5,0,0,0
3634,27.5,-11.5,0,0,0
3635,27.5,-10.5,0,0,0
3636,27.5,-9.5,0,0,0
3637,27.5,-8.5,0,0,0
3638,27.5,-7.5,0,0,0
3639,27.5,-6.5,0,0,0
3640,27.5,-5.5,0,0,0
3641,27.5,-4.5,0,0,0
3642,27.5,-3.5,0,0,0
3643,27.5,-2.5,0,0,0
3687,28.5,-14.5,0,0,0
3688,28.5,-13.5,0,0,0
3689,28.5,-12.5,0,0,0
3690,28.5,-11.5,0,0,0
3691,28.5,-10.5,0,0,0
3692,28.5,-9.5,0,0,0
3693,28.5,-8.5,0,0,0
3694,28.5,-7.5,0,0,0
3695,28.5,-6.5,0,0,0
3696,28.5,-5.5,0,0,0
3697,28.5,-4.5,0,0,0
3698,28.5,-3.5,0,0,0
3699,28.5,-2.5,0,0,0
3743,29.5,-14.5,0,0,0
3744,29.5,-13.5,0,0,0
3745,29.5,-12.5,0,0,0
3746,29.5,-11.5,0,0,0
3747,29.5,-10.5,0,0,0
3748,29.5,-9.5,0,0,0
3749,29.5,-8.5,0,0,0
3750,29.5,-7.5,0,0,0
3751,29.5,-6.5,0,0,0
3752,29.5,-5.5,0,0,0
3753,29.5,-4.5,0,0,0
3754,29.5,-3.5,0,0,0
3755,29.5,-2.5,0,0,0
3799,30.5,-14.5,0,0,0
3800,30.5,-13.5,0,0,0
3801,30.5,-12.5,0,0,0
3802,30.5,-11.5,0,0,0
3803,30.5,-10.5,0,0,0
3804,30.5,-9.5,0,0,0
3805,30.5,-8.5,0,0,0
3806,30.5,-7.5,0,0,0
3807,30.5,-6.5,0,0,0
3808,30.5,-5.5,0,0,0
3809,30.5,-4.5,0,0,0
3810,30.5,-3.5,0,0,0
3811,30.5,-2.5,0,0,0
3855,31.5,-14.5,0,0,0
3856,31.5,-13.5,0,0,0
3857,31.5,-12.5,0,0,0
3858,31.5,-11.5,0,0,0
3859,31.5,-10.5,0,0,0
3860,31.5,-9.5,0,0,0
3861,31.5,-8.5,0,0,0
3862,31.5,-7.5,0,0,0
3863,31.5,-6.5,0,0,0
3864,31.5,-5.5,0,0,0
3865,31.5,-4.5,0,0,0
3866,31.5,-3.5,0,0,0
3867,31.5,-2.5,0,0,0
3911,32.5,-14.5,0,0,0
3912,32.5,-13.5,0,0,0
3913,32.5,-12.5,0,0,0
3914,32.5,-11.5,0,0,0
3915,32.5,-10.5,0,0,0
3916,32.5,-9.5,0,0,0
3917,32.5,-8.5,0,0,0
3918,32.5,-7.5,0,0,0
3919,32.5,-6.5,0,0,0
3920,32.5,-5.5,0,0,0
3921,32.5,-4.5,0,0,0
3922,32.5,-3.5,0,0,0
3923,32.5,-2.5,0,0,0
3967,33.5,-14.5,0,0,0
3968,33.5,-13.5,0,0,0
3969,33.5,-12.5,0,0,0
3970,33.5,-11.5,0,0,0
3971,33.5,-10.5,0,0,0
3972,33.5,-9.5,0,0,0
3973,33.5,-8.5,0,0,0
3974,33.5,-7.5,0,0,0
3975,33.5,-6.5,0,0,0
3976,33.5,-5.5,0,0,0
3977,33.5,-4.5,0,0,0
3978,33.5,-3.5,0,0,0
3979,33.5,-2.5,0,0,0
4023,34.5,-14.5,0,0,0
4024,34.5,-13.5,0,0,0
4025,34.5,-12.5,0,0,0
4026,34.5,-11.5,0,0,0
4027,34.5,-10.5,0,0,0
4028,34.5,-9.5,0,0,0
4029,34.5,-8.5,0,0,0
4030,34.5,-7.5,0,0,0
4031,34.5,-6.5,0,0,0
4032,34.5,-5.5,0,0,0
4033,34.5,-4.5,0,0,0
4034,34.5,-3.5,0,0,0
4035,34.5,-2.5,0,0,0
2752,12.5,-29.5,0,0,0
2753,12.5,-28.5,0,0,0
2754,12.5,-27.5,0,0,0
2755,12.5,-26.5,0,0,0
2756,12.5,-25.5,0,0,0
2757,12.5,-24.5,0,0,0
2758,12.5,-23.5,0,0,0
2759,12.5,-22.5,0,0,0
2760,12.5,-21.5,0,0,0
2761,12.5,-20.5,0,0,0
2762,12.5,-19.5,0,0,0
2812,13.5,-29.5,0,0,0
2813,13.5,-28.5,0,0,0
2814,13.5,-27.5,0,0,0
2815,13.5,-26.5,0,0,0
2816,13.5,-25.5,0,0,0
2817,13.5,-24.5,0,0,0
2818,13.5,-23.5,0,0,0
2819,13.5,-22.5,0,0,0
2820,13.5,-21.5,0,0,0
2821,13.5,-20.5,0,0,0
2822,13.5,-19.5,0,0,0
2823,13.5,-18.5,0,0,0
2824,13.5,-17.5,0,0,0
2825,13.5,-16.5,0,0,0
2872,14.5,-29.5,0,0,0
2873,14.5,-28.5,0,0,0
2874,14.5,-27.5,0,0,0
2875,14.5,-26.5,0,0,0
2876,14.5,-25.5,0,0,0
2877,14.5,-24.5,0,0,0
2878,14.5,-23.5,0,0,0
2879,14.5,-22.5,0,0,0
2880,14.5,-21.5,0,0,0
2881,14.5,-20.5,0,0,0
2882,14.5,-19.5,0,0,0
2883,14.5,-18.5,0,0,0
2884,14.5,-17.5,0,0,0
2885,14.5,-16.5,0,0,0
2932,15.5,-29.5,0,0,0
2933,15.5,-28.5,0,0,0
2934,15.5,-27.5,0,0,0
2935,15.5,-26.5,0,0,0
2936,15.5,-25.5,0,0,0
2937,15.5,-24.5,0,0,0
2938,15.5,-23.5,0,0,0
2939,15.5,-22.5,0,0,0
2940,15.5,-21.5,0,0,0
2941,15.5,-20.5,0,0,0
2942,15.5,-19.5,0,0,0
2943,15.5,-18.5,0,0,0
2944,15.5,-17.5,0,0,0
2945,15.5,-16.5,0,0,0
2992,16.5,-29.5,0,0,0
2993,16.5,-28.5,0,0,0
2994,16.5,-27.5,0,0,0
2995,16.5,-26.5,0,0,0
2996,16.5,-25.5,0,0,0
2997,16.5,-24.5,0,0,0
2998,16.5,-23.5,0,0,0
2999,16.5,-22.5,0,0,0
3000,16.5,-21.5,0,0,0
3001,16.5,-20.5,0,0,0
3002,16.5,-19.5,0,0,0
3003,16.5,-18.5,0,0,0
3004,16.5,-17.5,0,0,0
3005,16.5,-16.5,0,0,0
3052,17.5,-29.5,0,0,0
3053,17.5,-28.5,0,0,0
3054,17.5,-27.5,0,0,0
3055,17.5,-26.5,0,0,0
3056,17.5,-25.5,0,0,0
3057,17.5,-24.5,0,0,0
3058,17.5,-23.5,0,0,0
3059,17.5,-22.5,0,0,0
3060,17.5,-21.5,0,0,0
3061,17.5,-20.5,0,0,0
3062,17.5,-19.5,0,0,0
3063,17.5,-18.5,0,0,0
3064,17.5,-17.5,0,0,0
3065,17.5,-16.5,0,0,0
3112,18.5,-29.5,0,0,0
3113,18.5,-28.5,0,0,0
3114,18.5,-27.5,0,0,0
3115,18.5,-26.5,0,0,0
3116,18.5,-25.5,0,0,0
3117,18.5,-24.5,0,0,0
3118,18.5,-23.5,0,0,0
3119,18.5,-22.5,0,0,0
3120,18.5,-21.5,0,0,0
3121,18.5,-20.5,0,0,0
3122,18.5,-19.5,0,0,0
3123,18.5,-18.5,0,0,0
3124,18.5,-17.5,0,0,0
3125,18.5,-16.5,0,0,0
3168,19.5,-29.5,0,0,0
3169,19.5,-28.5,0,0,0
3170,19.5,-27.5,0,0,0
3171,19.5,-26.5,0,0,0
3172,19.5,-25.5,0,0,0
3173,19.5,-24.5,0,0,0
3174,19.5,-23.5,0,0,0
3175,19.5,-22.5,0,0,0
3176,19.5,-21.5,0,0,0
3177,19.5,-20.5,0,0,0
3178,19.5,-19.5,0,0,0
3179,19.5,-18.5,0,0,0
3180,19.5,-17.5,0,0,0
3181,19.5,-16.5,0,0,0
3224,20.5,-29.5,0,0,0
3225,20.5,-28.5,0,0,0
3226,20.5,-27.5,0,0,0
3227,20.5,-26.5,0,0,0
3228,20.5,-25.5,0,0,0
3229,20.5,-24.5,0,0,0
3230,20.5,-23.5,0,0,0
3231,20.5,-22.5,0,0,0
3232,20.5,-21.5,0,0,0
3233,20.5,-20.5,0,0,0
3234,20.5,-19.5,0,0,0
3235,20.5,-18.5,0,0,0
3236,20.5,-17.5,0,0,0
3237,20.5,-16.5,0,0,0
3280,21.5,-29.5,0,0,0
3281,21.5,-28.5,0,0,0
3282,21.5,-27.5,0,0,0
3283,21.5,-26.5,0,0,0
3284,21.5,-25.5,0,0,0
3285,21.5,-24.5,0,0,0
3286,21.5,-23.5,0,0,0
3287,21.5,-22.5,0,0,0
3288,21.5,-21.5,0,0,0
3289,21.5,-20.5,0,0,0
3290,21.5,-19.5,0,0,0
3291,21.5,-18.5,0,0,0
3292,21.5,-17.5,0,0,0
3293,21.5,-16.5,0,0,0
3336,22.5,-29.5,0,0,0
3337,22.5,-28.5,0,0,0
3338,22.5,-27.5,0,0,0
3339,22.5,-26.5,0,0,0
3340,22.5,-25.5,0,0,0
3341,22.5,-24.5,0,0,0
3342,22.5,-23.5,0,0,0
3343,22.5,-22.5,0,0,0
3344,22.5,-21.5,0,0,0
3345,22.5,-20.5,0,0,0
3346,22.5,-19.5,0,0,0
3347,22.5,-18.5,0,0,0
3348,22.5,-17.5,0,0,0
3349,22.5,-16.5,0,0,0
3392,23.5,-29.5,0,0,0
3393,23.5,-28.5,0,0,0
3394,23.5,-27.5,0,0,0
3395,23.5,-26.5,0,0,0
3396,23.5,-25.5,0,0,0
3397,23.5,-24.5,0,0,0
3398,23.5,-23.5,0,0,0
3399,23.5,-22.5,0,0,0
3400,23.5,-21.5,0,0,0
3401,23.5,-20.5,0,0,0
3402,23.5,-19.5,0,0,0
3403,23.5,-18.5,0,0,0
3404,23.5,-17.5,0,0,0
3405,23.5,-16.5,0,0,0
3448,24.5,-29.5,0,0,0
3449,24.5,-28.5,0,0,0
3450,24.5,-27.5,0,0,0
3451,24.5,-26.5,0,0,0
3452,24.5,-25.5,0,0,0
3453,24.5,-24.5,0,0,0
3454,24.5,-23.5,0,0,0
3455,24.5,-22.5,0,0,0
3456,24.5,-21.5,0,0,0
3457,24.5,-20.5,0,0,0
3458,24.5,-19.5,0,0,0
3459,24.5,-18.5,0,0,0
3460,24.5,-17.5,0,0,0
3461,24.5,-16.5,0,0,0
3504,25.5,-29.5,0,0,0
3505,25.5,-28.5,0,0,0
3506,25.5,-27.5,0,0,0
3507,25.5,-26.5,0,0,0
3508,25.5,-25.5,0,0,0
3509,25.5,-24.5,0,0,0
3510,25.5,-23.5,0,0,0
3511,25.5,-22.5,0,0,0
3512,25.5,-21.5,0,0,0
3513,25.5,-20.5,0,0,0
3514,25.5,-19.5,0,0,0
3515,25.5,-18.5,0,0,0
3516,25.5,-17.5,0,0,0
3517,25.5,-16.5,0,0,0
3560,26.5,-29.5,0,0,0
3561,26.5,-28.5,0,0,0
3562,26.5,-27.5,0,0,0
3563,26.5,-26.5,0,0,0
3564,26.5,-25.5,0,0,0
3565,26.5,-24.5,0,0,0
3566,26.5,-23.5,0,0,0
3567,26.5,-22.5,0,0,0
3568,26.5,-21.5,0,0,0
3569,26.5,-20.5,0,0,0
3570,26.5,-19.5,0,0,0
3571,26.5,-18.5,0,0,0
3572,26.5,-17.5,0,0,0
3573,26.5,-16.5,0,0,0
3574,26.5,-15.5,0,0,0
3616,27.5,-29.5,0,0,0
3617,27.5,-28.5,0,0,0
3618,27.5,-27.5,0,0,0
3619,27.5,-26.5,0,0,0
3620,27.5,-25.5,0,0,0
3621,27.5,-24.5,0,0,0
3622,27.5,-23.5,0,0,0
3623,27.5,-22.5,0,0,0
3624,27.5,-21.5,0,0,0
3625,27.5,-20.5,0,0,0
3626,27.5,-19.5,0,0,0
3627,27.5,-18.5,0,0,0
3628,27.5,-17.5,0,0,0
3629,27.5,-16.5,0,0,0
3630,27.5,-15.5,0,0,0
3672,28.5,-29.5,0,0,0
3673,28.5,-28.5,0,0,0
3674,28.5,-27.5,0,0,0
3675,28.5,-26.5,0,0,0
3676,28.5,-25.5,0,0,0
3677,28.5,-24.5,0,0,0
3678,28.5,-23.5,0,0,0
3679,28.5,-22.5,0,0,0
3680,28.5,-21.5,0,0,0
3681,28.5,-20.5,0,0,0
3682,28.5,-19.5,0,0,0
3683,28.5,-18.5,0,0,0
3684,28.5,-17.5,0,0,0
3685,28.5,-16.5,0,0,0
3686,28.5,-15.5,0,0,0
3728,29.5,-29.5,0,0,0
3729,29.5,-28.5,0,0,0
3730,29.5,-27.5,0,0,0
3731,29.5,-26.5,0,0,0
3732,29.5,-25.5,0,0,0
3733,29.5,-24.5,0,0,0
3734,29.5,-23.5,0,0,0
3735,29.5,-22.5,0,0,0
3736,29.5,-21.5,0,0,0
3737,29.5,-20.5,0,0,0
3738,29.5,-19.5,0,0,0
3739,29.5,-18.5,0,0,0
3740,29.5,-17.5,0,0,0
3741,29.5,-16.5,0,0,0
3742,29.5,-15.5,0,0,0
3784,30.5,-29.5,0,0,0
3785,30.5,-28.5,0,0,0
3786,30.5,-27.5,0,0,0
3787,30.5,-26.5,0,0,0
3788,30.5,-25.5,0,0,0
3789,30.5,-24.5,0,0,0
3790,30.5,-23.5,0,0,0
3791,30.5,-22.5,0,0,0
3792,30.5,-21.5,0,0,0
3793,30.5,-20.5,0,0,0
3794,30.5,-19.5,0,0,0
3795,30.5,-18.5,0,0,0
3796,30.5,-17.5,0,0,0
3797,30.5,-16.5,0,0,0
3798,30.5,-15.5,0,0,0
3840,31.5,-29.5,0,0,0
3841,31.5,-28.5,0,0,0
3842,31.5,-27.5,0,0,0
3843,31.5,-26.5,0,0,0
3844,31.5,-25.5,0,0,0
3845,31.5,-24.5,0,0,0
3846,31.5,-23.5,0,0,0
3847,31.5,-22.5,0,0,0
3848,31.5,-21.5,0,0,0
3849,31.5,-20.5,0,0,0
3850,31.5,-19.5,0,0,0
3851,31.5,-18.5,0,0,0
3852,31.5,-17.5,0,0,0
3853,31.5,-16.5,0,0,0
3854,31.5,-15.5,0,0,0
3896,32.5,-29.5,0,0,0
3897,32.5,-28.5,0,0,0
3898,32.5,-27.5,0,0,0
3899,32.5,-26.5,0,0,0
3900,32.5,-25.5,0,0,0
3901,32.5,-24.5,0,0,0
3902,32.5,-23.5,0,0,0
3903,32.5,-22.5,0,0,0
3904,32.5,-21.5,0,0,0
3905,32.5,-20.5,0,0,0
3906,32.5,-19.5,0,0,0
3907,32.5,-18.5,0,0,0
3908,32.5,-17.5,0,0,0
3909,32.5,-16.5,0,0,0
3910,32.5,-15.5,0,0,0
3952,33.5,-29.5,0,0,0
3953,33.5,-28.5,0,0,0
3954,33.5,-27.5,0,0,0
3955,33.5,-26.5,0,0,0
3956,33.5,-25.5,0,0,0
3957,33.5,-24.5,0,0,0
3958,33.5,-23.5,0,0,0
3959,33.5,-22.5,0,0,0
3960,33.5,-21.5,0,0,0
3961,33.5,-20.5,0,0,0
3962,33.5,-19.5,0,0,0
3963,33.5,-18.5,0,0,0
3964,33.5,-17.5,0,0,0
3965,33.5,-16.5,0,0,0
3966,33.5,-15.5,0,0,0
4008,34.5,-29.5,0,0,0
4009,34.5,-28.5,0,0,0
4010,34.5,-27.5,0,0,0
4011,34.5,-26.5,0,0,0
4012,34.5,-25.5,0,0,0
4013,34.5,-24.5,0,0,0
4014,34.5,-23.5,0,0,0
4015,34.5,-22.5,0,0,0
4016,34.5,-21.5,0,0,0
4017,34.5,-20.5,0,0,0
4018,34.5,-19.5,0,0,0
4019,34.5,-18.5,0,0,0
4020,34.5,-17.5,0,0,0
4021,34.5,-16.5,0,0,0
4022,34.5,-15.5,0,0,0
3090,17.5,8.5,0,0,0
3144,18.5,6.5,0,0,0
3145,18.5,7.5,0,0,0
3146,18.5,8.5,0,0,0
3147,18.5,9.5,0,0,0
3196,19.5,2.5,0,0,0
3197,19.5,3.5,0,0,0
3198,19.5,4.5,0,0,0
3199,19.5,5.5,0,0,0
3200,19.5,6.5,0,0,0
3201,19.5,7.5,0,0,0
3202,19.5,8.5,0,0,0
3203,19.5,9.5,0,0,0
3204,19.5,10.5,0,0,0
3205,19.5,11.5,0,0,0
3252,20.5,2.5,0,0,0
3253,20.5,3.5,0,0,0
3254,20.5,4.5,0,0,0
3255,20.5,5.5,0,0,0
3256,20.5,6.5,0,0,0
3257,20.5,7.5,0,0,0
3258,20.5,8.5,0,0,0
3259,20.5,9.5,0,0,0
3260,20.5,10.5,0,0,0
3261,20.5,11.5,0,0,0
3262,20.5,12.5,0,0,0
3308,21.5,2.5,0,0,0
3309,21.5,3.5,0,0,0
3310,21.5,4.5,0,0,0
3311,21.5,5.5,0,0,0
3312,21.5,6.5,0,0,0
3313,21.5,7.5,0,0,0
3314,21.5,8.5,0,0,0
3315,21.5,9.5,0,0,0
3316,21.5,10.5,0,0,0
3317,21.5,11.5,0,0,0
3318,21.5,12.5,0,0,0
3319,21.5,13.5,0,0,0
3364,22.5,2.5,0,0,0
3365,22.5,3.5,0,0,0
3366,22.5,4.5,0,0,0
3367,22.5,5.5,0,0,0
3368,22.5,6.5,0,0,0
3369,22.5,7.5,0,0,0
3370,22.5,8.5,0,0,0
3371,22.5,9.5,0,0,0
3372,22.5,10.5,0,0,0
3373,22.5,11.5,0,0,0
3374,22.5,12.5,0,0,0
3375,22.5,13.5,0,0,0
3376,22.5,14.5,0,0,0
3377,22.5,15.5,0,0,0
3420,23.5,2.5,0,0,0
3421,23.5,3.5,0,0,0
3422,23.5,4.5,0,0,0
3423,23.5,5.5,0,0,0
3424,23.5,6.5,0,0,0
3425,23.5,7.5,0,0,0
3426,23.5,8.5,0,0,0
3427,23.5,9.5,0,0,0
3428,23.5,10.5,0,0,0
3429,23.5,11.5,0,0,0
3430,23.5,12.5,0,0,0
3431,23.5,13.5,0,0,0
3432,23.5,14.5,0,0,0
3433,23.5,15.5,0,0,0
3434,23.5,16.5,0,0,0
3476,24.5,2.5,0,0,0
3477,24.5,3.5,0,0,0
3478,24.5,4.5,0,0,0
3479,24.5,5.5,0,0,0
3480,24.5,6.5,0,0,0
3481,24.5,7.5,0,0,0
3482,24.5,8.5,0,0,0
3483,24.5,9.5,0,0,0
3484,24.5,10.5,0,0,0
3485,24.5,11.5,0,0,0
3486,24.5,12.5,0,0,0
3487,24.5,13.5,0,0,0
3488,24.5,14.5,0,0,0
3489,24.5,15.5,0,0,0
3490,24.5,16.5,0,0,0
3491,24.5,17.5,0,0,0
3492,24.5,18.5,0,0,0
3532,25.5,2.5,0,0,0
3533,25.5,3.5,0,0,0
3534,25.5,4.5,0,0,0
3535,25.5,5.5,0,0,0
3536,25.5,6.5,0,0,0
3537,25.5,7.5,0,0,0
3538,25.5,8.5,0,0,0
3539,25.5,9.5,0,0,0
3540,25.5,10.5,0,0,0
3541,25.5,11.5,0,0,0
3542,25.5,12.5,0,0,0
3543,25.5,13.5,0,0,0
3544,25.5,14.5,0,0,0
3545,25.5,15.5,0,0,0
3546,25.5,16.5,0,0,0
3547,25.5,17.5,0,0,0
3548,25.5,18.5,0,0,0
3549,25.5,19.5,0,0,0
3550,25.5,20.5,0,0,0
3588,26.5,2.5,0,0,0
3589,26.5,3.5,0,0,0
3590,26.5,4.5,0,0,0
3591,26.5,5.5,0,0,0
3592,26.5,6.5,0,0,0
3593,26.5,7.5,0,0,0
3594,26.5,8.5,0,0,0
3595,26.5,9.5,0,0,0
3596,26.5,10.5,0,0,0
3597,26.5,11.5,0,0,0
3598,26.5,12.5,0,0,0
3599,26.5,13.5,0,0,0
3600,26.5,14.5,0,0,0
3601,26.5,15.5,0,0,0
3602,26.5,16.5,0,0,0
3603,26.5,17.5,0,0,0
3604,26.5,18.5,0,0,0
3605,26.5,19.5,0,0,0
3606,26.5,20.5,0,0,0
3607,26.5,21.5,0,0,0
3608,26.5,22.5,0,0,0
3609,26.5,23.5,0,0,0
3644,27.5,2.5,0,0,0
3645,27.5,3.5,0,0,0
3646,27.5,4.5,0,0,0
3647,27.5,5.5,0,0,0
3648,27.5,6.5,0,0,0
3649,27.5,7.5,0,0,0
3650,27.5,8.5,0,0,0
3651,27.5,9.5,0,0,0
3652,27.5,10.5,0,0,0
3653,27.5,11.5,0,0,0
3654,27.5,12.5,0,0,0
3655,27.5,13.5,0,0,0
3656,27.5,14.5,0,0,0
3657,27.5,15.5,0,0,0
3658,27.5,16.5,0,0,0
3659,27.5,17.5,0,0,0
3660,27.5,18.5,0,0,0
3661,27.5,19.5,0,0,0
3662,27.5,20.5,0,0,0
3663,27.5,21.5,0,0,0
3664,27.5,22.5,0,0,0
3665,27.5,23.5,0,0,0
3666,27.5,24.5,0,0,0
3667,27.5,25.5,0,0,0
3668,27.5,26.5,0,0,0
3669,27.5,27.5,0,0,0
3670,27.5,28.5,0,0,0
3700,28.5,2.5,0,0,0
3701,28.5,3.5,0,0,0
3702,28.5,4.5,0,0,0
3703,28.5,5.5,0,0,0
3704,28.5,6.5,0,0,0
3705,28.5,7.5,0,0,0
3706,28.5,8.5,0,0,0
3707,28.5,9.5,0,0,0
3708,28.5,10.5,0,0,0
3709,28.5,11.5,0,0,0
3710,28.5,12.5,0,0,0
3711,28.5,13.5,0,0,0
3712,28.5,14.5,0,0,0
3713,28.5,15.5,0,0,0
3714,28.5,16.5,0,0,0
3715,28.5,17.5,0,0,0
3716,28.5,18.5,0,0,0
3717,28.5,19.5,0,0,0
3718,28.5,20.5,0,0,0
3719,28.5,21.5,0,0,0
3720,28.5,22.5,0,0,0
3721,28.5,23.5,0,0,0
3722,28.5,24.5,0,0,0
3723,28.5,25.5,0,0,0
3724,28.5,26.5,0,0,0
3725,28.5,27.5,0,0,0
3726,28.5,28.5,0,0,0
3727,28.5,29.5,0,5e-09,0
3756,29.5,2.5,0,0,0
3757,29.5,3.5,0,0,0
3758,29.5,4.5,0,0,0
3759,29.5,5.5,0,0,0
3760,29.5,6.5,0,0,0
3761,29.5,7.5,0,0,0
3762,29.5,8.5,0,0,0
3763,29.5,9.5,0,0,0
3764,29.5,10.5,0,0,0
3765,29.5,11.5,0,0,0
3766,29.5,12.5,0,0,0
3767,29.5,13.5,0,0,0
3768,29.5,14.5,0,0,0
3769,29.5,15.5,0,0,0
3770,29.5,16.5,0,0,0
3771,29.5,17.5,0,0,0
3772,29.5,18.5,0,0,0
3773,29.5,19.5,0,0,0
3774,29.5,20.5,0,0,0
3775,29.5,21.5,0,0,0
3776,29.5,22.5,0,0,0
3777,29.5,23.5,0,0,0
3778,29.5,24.5,0,0,0
3779,29.5,25.5,0,0,0
3780,29.5,26.5,0,0,0
3781,29.5,27.5,0,0,0
3782,29.5,28.5,0,0,0
3783,29.5,29.5,0,5e-09,0
3812,30.5,2.5,0,0,0
3813,30.5,3.5,0,0,0
3814,30.5,4.5,0,0,0
3815,30.5,5.5,0,0,0
3816,30.5,6.5,0,0,0
3817,30.5,7.5,0,0,0
3818,30.5,8.5,0,0,0
3819,30.5,9.5,0,0,0
3820,30.5,10.5,0,0,0
3821,30.5,11.5,0,0,0
3822,30.5,12.5,0,0,0
3823,30.5,13.5,0,0,0
3824,30.5,14.5,0,0,0
3825,30.5,15.5,0,0,0
3826,30.5,16.5,0,0,0
3827,30.5,17.5,0,0,0
3828,30.5,18.5,0,0,0
3829,30.5,19.5,0,0,0
3830,30.5,20.5,0,0,0
3831,30.5,21.5,0,0,0
3832,30.5,22.5,0,0,0
3833,30.5,23.5,0,0,0
3834,30.5,24.5,0,0,0
3835,30.5,25.5,0,0,0
3836,30.5,26.5,0,0,0
3837,30.5,27.5,0,0,0
3838,30.5,28.5,0,0,0
3839,30.5,29.5,0,5e-09,0
3868,31.5,2.5,0,0,0
3869,31.5,3.5,0,0,0
3870,31.5,4.5,0,0,0
3871,31.5,5.5,0,0,0
3872,31.5,6.5,0,0,0
3873,31.5,7.5,0,0,0
3874,31.5,8.5,0,0,0
3875,31.5,9.5,0,0,0
3876,31.5,10.5,0,0,0
3877,31.5,11.5,0,0,0
3878,31.5,12.5,0,0,0
3879,31.5,13.5,0,0,0
3880,31.5,14.5,0,0,0
3881,31.5,15.5,0,0,0
3882,31.5,16.5,0,0,0
3883,31.5,17.5,0,0,0
3884,31.5,18.5,0,0,0
3885,31.5,19.5,0,0,0
3886,31.5,20.5,0,0,0
3887,31.5,21.5,0,0,0
3888,31.5,22.5,0,0,0
3889,31.5,23.5,0,0,0
3890,31.5,24.5,0,0,0
3891,31.5,25.5,0,0,0
3892,31.5,26.5,0,0,0
3893,31.5,27.5,0,0,0
3894,31.5,28.5,0,0,0
3895,31.5,29.5,0,5e-09,0
3924,32.5,2.5,0,0,0
3925,32.5,3.5,0,0,0
3926,32.5,4.5,0,0,0
3927,32.5,5.5,0,0,0
3928,32.5,6.5,0,0,0
3929,32.5,7.5,0,0,0
3930,32.5,8.5,0,0,0
3931,32.5,9.5,0,0,0
3932,32.5,10.5,0,0,0
3933,32.5,11.5,0,0,0
3934,32.5,12.5,0,0,0
3935,32.5,13.5,0,0,0
3936,32.5,14.5,0,0,0
3937,32.5,15.5,0,0,0
3938,32.5,16.5,0,0,0
3939,32.5,17.5,0,0,0
3940,32.5,18.5,0,0,0
3941,32.5,19.5,0,0,0
3942,32.5,20.5,0,0,0
3943,32.5,21.5,0,0,0
3944,32.5,22.5,0,0,0
3945,32.5,23.5,0,0,0
3946,32.5,24.5,0,0,0
3947,32.5,25.5,0,0,0
3948,32.5,26.5,0,0,0
3949,32.5,27.5,0,0,0
3950,32.5,28.5,0,0,0
3951,32.5,29.5,0,5e-09,0
3980,33.5,2.5,0,0,0
3981,33.5,3.5,0,0,0
3982,33.5,4.5,0,0,0
3983,33.5,5.5,0,0,0
3984,33.5,6.5,0,0,0
3985,33.5,7.5,0,0,0
3986,33.5,8.5,0,0,0
3987,33.5,9.5,0,0,0
3988,33.5,10.5,0,0,0
3989,33.5,11.5,0,0,0
3990,33.5,12.5,0,0,0
3991,33.5,13.5,0,0,0
3992,33.5,14.5,0,0,0
3993,33.5,15.5,0,0,0
3994,33.5,16.5,0,0,0
3995,33.5,17.5,0,0,0
3996,33.5,18.5,0,0,0
3997,33.5,19.5,0,0,0
3998,33.5,20.5,0,0,0
3999,33.5,21.5,0,0,0
4000,33.5,22.5,0,0,0
4001,33.5,23.5,0,0,0
4002,33.5,24.5,0,0,0
4003,33.5,25.5,0,0,0
4004,33.5,26.5,0,0,0
4005,33.5,27.5,0,0,0
4006,33.5,28.5,0,0,0
4007,33.5,29.5,0,5e-09,0
4036,34.5,2.5,0,0,0
4037,34.5,3.5,0,0,0
4038,34.5,4.5,0,0,0
4039,34.5,5.5,0,0,0
4040,34.5,6.5,0,0,0
4041,34.5,7.5,0,0,0
4042,34.5,8.5,0,0,0
4043,34.5,9.5,0,0,0
4044,34.5,10.5,0,0,0
4045,34.5,11.5,0,0,0
4046,34.5,12.5,0,0,0
4047,34.5,13.5,0,0,0
4048,34.5,14.5,0,0,0
4049,34.5,15.5,0,0,0
4050,34.5,16.5,0,0,0
4051,34.5,17.5,0,0,0
4052,34.5,18.5,0,0,0
4053,34.5,19.5,0,0,0
4054,34.5,20.5,0,0,0
4055,34.5,21.5,0,0,0
4056,34.5,22.5,0,0,0
4057,34.5,23.5,0,0,0
4058,34.5,24.5,0,0,0
4059,34.5,25.5,0,0,0
4060,34.5,26.5,0,0,0
4061,34.5,27.5,0,0,0
4062,34.5,28.5,0,0,0
4063,34.5,29.5,0,5e-09,0
