-6.34258e-19 -6.12289e-19
-4.35308e-19 3.49933e-19
-2.69595e-19 1.8619e-19
-3.71771e-19 -2.42532e-20
-4.0888e-19 7.11762e-20
-3.50505e-19 5.51661e-20
-3.52087e-19 6.05548e-20
-3.52087e-19 6.05548e-20
-3.52087e-19 6.05548e-20
-3.52087e-19 6.05548e-20
-3.52087e-19 6.05548e-20
-3.52087e-19 6.05548e-20
-3.52087e-19 6.05548e-20
-3.52087e-19 6.05548e-20
-3.52087e-19 6.05548e-20
-3.52087e-19 6.05548e-20
2.25655e-19 -5.94815e-19
5.7525e-19 3.08106e-19
-4.15104e-20 1.83578e-19
-1.33787e-19 -1.3739e-19
-9.82952e-20 -2.71979e-20
-9.09176e-20 -5.30892e-20
-1.01728e-19 -5.0803e-20
-1.01728e-19 -5.0803e-20
-1.01728e-19 -5.0803e-20
-1.01728e-19 -5.0803e-20
-1.01728e-19 -5.0803e-20
-1.01728e-19 -5.0803e-20
-1.01728e-19 -5.0803e-20
-1.01728e-19 -5.0803e-20
-1.01728e-19 -5.0803e-20
-1.01728e-19 -5.0803e-20
1.69213e-19 -4.2917e-20
1.94446e-19 -1.43996e-19
1.54735e-19 -1.01538e-19
1.49006e-19 -4.30841e-20
1.78944e-19 -1.57119e-20
2.07861e-19 2.80866e-20
2.00241e-19 1.68047e-20
2.00241e-19 1.68047e-20
2.00241e-19 1.68047e-20
2.00241e-19 1.68047e-20
2.00241e-19 1.68047e-20
2.00241e-19 1.68047e-20
2.00241e-19 1.68047e-20
2.00241e-19 1.68047e-20
2.00241e-19 1.68047e-20
2.00241e-19 1.68047e-20
-7.99198e-20 -2.07224e-19
-1.55309e-19 -1.38894e-21
1.56824e-19 9.81979e-20
2.59839e-19 4.58878e-20
2.53113e-19 1.62044e-22
2.74981e-19 -2.29751e-20
2.91944e-19 -2.58733e-20
2.91944e-19 -2.58733e-20
2.91944e-19 -2.58733e-20
2.91944e-19 -2.58733e-20
2.91944e-19 -2.58733e-20
2.91944e-19 -2.58733e-20
2.91944e-19 -2.58733e-20
2.91944e-19 -2.58733e-20
2.91944e-19 -2.58733e-20
2.91944e-19 -2.58733e-20
-4.69534e-20 -3.62694e-19
-2.17444e-20 4.59553e-20
1.87932e-20 2.26509e-19
1.48539e-19 1.29931e-19
1.00273e-19 3.27032e-20
1.02816e-19 1.33144e-20
1.1978e-19 1.04162e-20
1.1978e-19 1.04162e-20
1.1978e-19 1.04162e-20
1.1978e-19 1.04162e-20
1.1978e-19 1.04162e-20
1.1978e-19 1.04162e-20
1.1978e-19 1.04162e-20
1.1978e-19 1.04162e-20
1.1978e-19 1.04162e-20
1.1978e-19 1.04162e-20
-7.57263e-21 -3.6865e-19
3.34002e-21 1.15812e-19
-1.27488e-20 2.5622e-19
4.97947e-20 1.51224e-19
1.0873e-20 3.62721e-20
-5.91504e-23 3.09269e-21
1.69042e-20 1.94418e-22
1.69042e-20 1.94418e-22
1.69042e-20 1.94418e-22
1.69042e-20 1.94418e-22
1.69042e-20 1.94418e-22
1.69042e-20 1.94418e-22
1.69042e-20 1.94418e-22
1.69042e-20 1.94418e-22
1.69042e-20 1.94418e-22
1.69042e-20 1.94418e-22
3.69562e-21 -3.75469e-19
7.68379e-21 1.08759e-19
-9.98149e-21 2.74345e-19
3.28905e-20 1.5103e-19
-6.03126e-21 3.60777e-20
-1.69634e-20 2.89827e-21
2.40741e-39 1.16609e-39
2.40741e-39 1.16609e-39
2.40741e-39 1.16609e-39
2.40741e-39 1.16609e-39
2.40741e-39 1.16609e-39
2.40741e-39 1.16609e-39
2.40741e-39 1.16609e-39
2.40741e-39 1.16609e-39
2.40741e-39 1.16609e-39
2.40741e-39 1.16609e-39
3.69562e-21 -3.75469e-19
7.68379e-21 1.08759e-19
-9.98149e-21 2.74345e-19
3.28905e-20 1.5103e-19
-6.03126e-21 3.60777e-20
-1.69634e-20 2.89827e-21
2.40741e-39 1.16609e-39
2.40741e-39 1.16609e-39
2.40741e-39 1.16609e-39
2.40741e-39 1.16609e-39
2.40741e-39 1.16609e-39
2.40741e-39 1.16609e-39
2.40741e-39 1.16609e-39
2.40741e-39 1.16609e-39
2.40741e-39 1.16609e-39
2.40741e-39 1.16609e-39
3.69562e-21 -3.75469e-19
7.68379e-21 1.08759e-19
-9.98149e-21 2.74345e-19
3.28905e-20 1.5103e-19
-6.03126e-21 3.60777e-20
-1.69634e-20 2.89827e-21
2.40741e-39 1.16609e-39
2.40741e-39 1.16609e-39
2.40741e-39 1.16609e-39
2.40741e-39 1.16609e-39
2.40741e-39 1.16609e-39
2.40741e-39 1.16609e-39
2.40741e-39 1.16609e-39
2.40741e-39 1.16609e-39
2.40741e-39 1.16609e-39
2.40741e-39 1.16609e-39
3.69562e-21 -3.75469e-19
7.68379e-21 1.08759e-19
-9.98149e-21 2.74345e-19
3.28905e-20 1.5103e-19
-6.03126e-21 3.60777e-20
-1.69634e-20 2.89827e-21
2.40741e-39 1.16609e-39
2.40741e-39 1.16609e-39
2.40741e-39 1.16609e-39
2.40741e-39 1.16609e-39
2.40741e-39 1.16609e-39
2.40741e-39 1.16609e-39
2.40741e-39 1.16609e-39
2.40741e-39 1.16609e-39
2.40741e-39 1.16609e-39
3.69562e-21 -3.75469e-19
7.68379e-21 1.08759e-19
-9.98149e-21 2.74345e-19
3.28905e-20 1.5103e-19
-6.03126e-21 3.60777e-20
-1.69634e-20 2.89827e-21
2.40741e-39 1.16609e-39
2.40741e-39 1.16609e-39
2.40741e-39 1.16609e-39
2.40741e-39 1.16609e-39
2.40741e-39 1.16609e-39
2.40741e-39 1.16609e-39
2.40741e-39 1.16609e-39
2.40741e-39 1.16609e-39
2.40741e-39 1.16609e-39
3.69562e-21 -3.75469e-19
7.68379e-21 1.08759e-19
-9.98149e-21 2.74345e-19
3.28905e-20 1.5103e-19
-6.03126e-21 3.60777e-20
-1.69634e-20 2.89827e-21
2.40741e-39 1.16609e-39
2.40741e-39 1.16609e-39
2.40741e-39 1.16609e-39
2.40741e-39 1.16609e-39
2.40741e-39 1.16609e-39
2.40741e-39 1.16609e-39
2.40741e-39 1.16609e-39
2.40741e-39 1.16609e-39
2.40741e-39 1.16609e-39
3.69562e-21 -3.75469e-19
7.68379e-21 1.08759e-19
-9.98149e-21 2.74345e-19
3.28905e-20 1.5103e-19
-6.03126e-21 3.60777e-20
-1.69634e-20 2.89827e-21
2.40741e-39 1.16609e-39
2.40741e-39 1.16609e-39
2.40741e-39 1.16609e-39
2.40741e-39 1.16609e-39
2.40741e-39 1.16609e-39
2.40741e-39 1.16609e-39
2.40741e-39 1.16609e-39
2.40741e-39 1.16609e-39
3.69562e-21 -3.75469e-19
7.68379e-21 1.08759e-19
-9.98149e-21 2.74345e-19
3.28905e-20 1.5103e-19
-6.03126e-21 3.60777e-20
-1.69634e-20 2.89827e-21
2.40741e-39 1.16609e-39
2.40741e-39 1.16609e-39
2.40741e-39 1.16609e-39
2.40741e-39 1.16609e-39
2.40741e-39 1.16609e-39
2.40741e-39 1.16609e-39
2.40741e-39 1.16609e-39
2.40741e-39 1.16609e-39
3.69562e-21 -3.75469e-19
7.68379e-21 1.08759e-19
-9.98149e-21 2.74345e-19
3.28905e-20 1.5103e-19
-6.03126e-21 3.60777e-20
-1.69634e-20 2.89827e-21
2.40741e-39 1.16609e-39
2.40741e-39 1.16609e-39
2.40741e-39 1.16609e-39
2.40741e-39 1.16609e-39
2.40741e-39 1.16609e-39
2.40741e-39 1.16609e-39
2.40741e-39 1.16609e-39
2.40741e-39 1.16609e-39
3.69562e-21 -3.75469e-19
7.68379e-21 1.08759e-19
-9.98149e-21 2.74345e-19
3.28905e-20 1.5103e-19
-6.03126e-21 3.60777e-20
-1.69634e-20 2.89827e-21
2.40741e-39 1.16609e-39
2.40741e-39 1.16609e-39
2.40741e-39 1.16609e-39
2.40741e-39 1.16609e-39
2.40741e-39 1.16609e-39
2.40741e-39 1.16609e-39
2.40741e-39 1.16609e-39
-1.69634e-20 2.89827e-21
2.40741e-39 1.16609e-39
